511 511 0 0
511 512 0 0
511 513 0 0
512 512 0 0
511 514 0 0
514 513 0 0
500 500 0 -1
501 501 0 -1
0 0 2 1
1 1 2 1
-1 -1 2 1
-1 1 2 1
1 -1 2 1
2 -2 2 1
-2 2 2 1
-2 -2 2 1
2 2 2 1
100 100 2 2
101 101 2 2
101 100 2 2
101 100 2 2
102 101 2 2
101 102 2 2
102 102 2 2
-50 -59 2 -1
500 500 2 -1
501 501 2 -1
502 502 2 -1
140565,495947663
167447,616073432 -302399,672326888
-30898,8966267597 -448848,08864627
-202925,18411668 -291493,339540458
12161,6310001969 -281144,456093787
219853,924840155 -467779,329102325
77152,1852123063 -802849,064590678
-264260,731095896 -306746,569964987
24470,7935326224 -143398,686626745
-61879,1661518892 -893566,817305231
-82043,6102049088 -269382,321367856
-194508,130883795 -581703,163248542
539115,953985475 -781544,394444313
-138397,012684344 -160557,914119204
87508,1678905395 -195420,156635182
-296188,066798054 -839160,24775132
-89507,6516480342 -72496,1643602933
262214,578228328 -602010,833507878
-168939,675647073 -236594,827188278
-176475,924172395 -317188,256702054
-64824,8077122983 -127951,869519127
-159535,662361676 -314131,292299003
-152071,949545278 -260536,75837692
-331346,567034254 -287596,591715714
12826,6053983665 -402621,638503268
67045,5187076654 -198436,073933425
3726,37498796516 -163040,078965321
192124,823529703 -263561,400895678
15264,8925995579 -114702,297815125
35516,6322682107 396695,957071488
27707,05941199 301151,69417728
498412,672050251 532918,448389906
58492,3499478224 97454,0107926438
-45783,5532487275 780535,294404139
6817,91609051727 351039,096209342
-82637,5615028225 516503,821539227
-19960,595810246 185070,403068442
17570,4343386686 394299,474872825
36815,7299501825 74599,4271898099
6451,72318466088 721120,862926161
233738,127200549 269219,526662454
104564,835740144 245328,445014039
189887,262986492 388635,013605864
204349,203808089 514734,208978633
32620,0730533554 22970,599123644
77058,0033309879 157494,951799975
268085,218077291 494837,456870473
-162420,639906477 776453,482664765
-849,499569528969 131141,904632027
472837,321860491 919262,947773112
39757,6487897568 898872,968490936
355980,55523452 369320,614970521
-93355,2755333834 90369,739729111
-662462,106551921 34844,9636753239
-231575,726688446 176922,874798221
-88802,8307871348 294877,175296444
-76413,8521788744 206192,381957548
-60884,5516946561 36775,6081693762
-562603,957873544 -338327,577025913
-119517,020717518 145856,251918707
-171422,63197144 173949,851771109
-577470,214883948 148455,57992374
-195778,340211431 380542,213293295
-50428,5091062638 155842,39125858
-373360,431491754 88831,2373176875
-884895,552987119 84889,8357809595
-119383,736643039 135564,536121084
-529297,019162028 -258866,9023548
-840840,174592952 -87894,5129284889
-194481,714167178 124125,292781396
-347349,453000868 148882,676724304
-193002,974453842 153600,875812765
-414491,626000104 131608,710154915
-388950,262009527 85466,2716261737
-143653,312578599 124780,976239502
-51841,8354015145 122397,529237699
-258255,753655476 258146,180703552
-384866,5251672 559184,564656805
-630857,926593524 -29106,4323839994
-302649,43504069 482156,248764327
-246738,692671434 -65532,5822835213
-406041,597076338 194610,5966518
-338724,639326213 5818,64730880905
-190648,64294181 49301,5021185826
-702605,918563781 496743,33290625
-588389,71837373 6988,83681994297
432592,218741901 42680,140605725
124431,936960891 6847,69591350932
241431,715556499 23290,9903249894
151415,786235486 -1305,62269928754
369196,613159676 18652,5107350072
56322,8417555698 21350,2621519613
694565,933782755 17189,8629677509
50569,0249901344 30311,4517943149
702545,43410094 -34814,9085732246
230895,909046862 73270,6238046236
409571,02672013 51562,0056722835
609839,451477997 -57078,23981909
206256,301287733 84881,40736098
310702,237461082 84657,7400778414
579805,04993676 -7857,73061680036
231890,932757826 19580,0787502695
117212,997680802 12561,42778795
755353,393829392 -60988,1584450752
360143,357281653 100082,929294778
395695,955011124 -19919,0039811083
505171,297349673 6493,69686667141
142324,008542137 48783,1115066694
406419,638098663 -37357,6516563742
408362,296243088 -170298,319139145
475803,958020143 -166508,510486029
493885,788768432 -94562,0352109182
255799,357747488 242152,027210556
252,049381343
1732,40703748186 -464236,723102502
108566,503967106 -14388,1801378379
295164,685088377 -161111,886339106
809705,098194402 -237460,377692062
5018,33256332033 -52489,1950025601
8147,25067591912 -418490,678262203
11584,8387777157 -360135,293613868
702182,947678917 2730,44550980741
320288,127610581 -173585,666239246
307714,189071348 -144271,02721753
470080,318299469 -201072,252718649
286340,301005587 10169,8007937473
427737,061725719 -104115,219983028
810263,485577953 -52401,1225786578
16747,60095445 -447925,926404047
677014,219223099 -422850,735665997
96987,0723363948 -195909,594349487
-7049,00909349742 -470938,609137588
27044,9915035372 -109482,550542427
-8367,13246302313 -13438,4164930174
53570,0554598896 4215,82416596442
364169,558893467 -175957,592256524
114489,179267419 -202911,422611057
296095,305244907 -20097,0250276462
4107,84723777317 -35578,6869818278
331648,587202967 -483420,42746177
850664,262154082 -151287,537448181
127927,69210748 -220,555966003126
66733,9424162209 -39741,194312479
208800,116863549 200,797208981028
92885,3062980158 -298000,66502289
48368,2206352792 -4975,11283961083
284012,733232843 74180,0138886073
302243,920375892 -444949,299358885
151591,699981178 -7289,56307980491
38664,6875023733 -528012,967666024
701401,437754301 22134,467467278
179956,495642027 -316897,809150032
157324,272176124 -72777,1122493907
219072,787429376 12536,7487006387
67977,3425936375 -454126,91269013
53848,4299500847 -21264,4376486151
68298,8789089969 -547482,044399095
778777,03819369 33378,8495640843
39775,3935226092 -11968,8908192343
482588,28700209 -220000,252111681
306420,491526822 22816,7167526347
162664,694924337 -192954,198681312
24475,8850711286 -405944,23399028
689340,92205117 211910,425624636
703551,834683237 -172525,841552059
454194,9730105 77196,1067125015
531067,705500174 -199522,428692835
502180,361314455 -13584,9611311895
-10115,7083465092 -138084,499617714
50103,8920939429 -187162,548399972
90199,4404825482 -5476,55424376976
377,95280130345 -17805,5148945332
480052,130227689 -379636,560035211
94179,5639444308 -420874,844118004
413031,987042908 88001,0770729077
352370,88850264 -47742,8140205647
149897,610316085 -91001,2348549609
93825,4594604007 -477775,073372996
529089,491600298 -131448,255746797
11400,8349246629 -18775,9008163008
270740,12835624 83359,466067476
113176,765713873 -244746,707896724
389842,225553134 18658,3954023469
-31776,9823024035 499115,243753122
369488,403903984 137711,76936062
-9809,63047738915 380422,186571441
-37742,6922610624 201288,179634979
108500,492378755 197801,507118731
42751,1848174027 59807,5174947975
236120,950777538 243024,825835838
359833,313132942 626652,736486185
129785,073457224 106452,927986894
71245,7121180434 110459,574988626
70365,0684792018 374760,980211704
43368,5879985767 383105,25355104
136791,287432217 360764,453839849
209918,067279834 244072,209174936
115579,165947396 678251,905908833
906243,232851972 317797,777014779
29154,507916854 496270,119629925
31744,2434792087 436404,953325959
-200321,406076904 646738,313948363
175836,894640787 269756,323555838
-135572,693963105 483199,175966089
60974,0085990727 492919,239803266
250882,613387027 224655,791117739
125272,234172382 884099,16069902
-19173,8936204751 576765,030439302
70996,8977466267 365701,498034306
-20718,0135823544 81999,8586064078
36157,2479796099 804905,670192721
49477,7431859592 173617,227894862
-80060,2770733583 636977,312800225
-114421,907549231 268589,413205197
351278,898005528 207366,295246814
-185802,238722326 615123,021450536
55778,4934680473 174448,025496187
38343,122165497 43024,0984463431
163684,447923231 148123,386167443
177189,598398953 494890,719084865
142226,232599051 243786,134738804
713166,395022146 496878,209060039
172647,986317519 767921,904128141
203363,781492035 262682,779368606
147120,062961772 465016,956852142
115972,136204793 119865,153901243
195494,792500208 610161,842856501
14212,9732910525 61480,9034935501
-116527,45041959 513824,14671562
-19658,8017781073 91647,0027161138
129569,848890657 212296,275957744
750311,874515027 382541,374983525
-16789,6815694886 416518,490345639
544681,784884877 356727,576688562
243096,492384772 306125,955878816
191300,233984362 232078,473789056
-62250,175473447 402705,546847009
-77536,8616023347 172230,744454555
82526,2582190122 52902,2090582187
342002,257099018 400030,966386713
58891,564736476 269333,528855431
282716,70952476 216487,481686302
116883,139433887 721415,61827597
145159,813067392 399135,431352899
-150973,424289785 880144,040693889
-89956,811973371 316701,590156195
17638,8280644369 712337,82338542
279527,66512785 280441,985528572
-59902,2161240551 438169,38382556
534887,401535009 189070,571067619
-172846,649099014 490603,590724017
124334,216465705 111242,513531773
-32505,4924252375 105013,790462789
115713,024619826 252804,693220143
167250,782549487 366583,625535343
182041,744469021 453960,729284322
41813,4456172415 152274,137521469
143359,840915995 483512,851609594
53117,157083667 98165,7575512071
317328,900114514 224152,627351156
-1548,08490265351 325523,739692464
-17511,9932156489 135291,720962485
246074,47691193 653951,157903928
-100416,793338786 475481,199120321
190551,499691748 439245,695247709
107779,918227641 398609,283572693
91173,2095635385 30686,7286447653
266564,611262517 262292,860487414
260459,839833642 132734,887330049
264582,335416825 554376,509066567
-2914,56690028057 110541,978945831
6199,04185758207 131042,600479604
118156,907090193 374623,631138366
3306,64501216572 644269,393050132
97356,7843139445 220095,586314775
230672,616907413 95428,9451053855
326560,784254088 284334,421312226
94146,0671391981 57873,2182691014
280812,142685808 118332,020359162
50516,1648811289 23882,4271744771
-16229,31368951 383188,750506247
-14387,1312713377 23807,8720817034
445018,695501813 232199,188690776
10668,8796329596 148319,178147131
-29224,7768082883 36698,9922735463
396989,478917634 405680,022468892
343747,70427099 647150,200776969
236652,092738676 78760,0622360916
63825,6053095328 553391,59525036
105753,201212178 161919,014068865
265168,535322964 223213,676315548
54534,4723193131 230078,0480339
-34996,8500882093 166496,207355991
135612,868726141 503533,987342242
127506,628467788 41822,8230035113
-1158,62263318413 525934,525872127
456817,475512041 351791,69332354
339656,804784363 250271,975395419
-116069,21869926 735533,226553306
446118,228321391 186334,237377666
-146575,383456315 488961,891379743
11228,2839150812 91970,8113007112
378019,856457077 128559,211102779
422218,215561689 710437,751105395
166044,031816442 124742,209064629
-41035,2382135062 429671,967440961
114396,331476657 166590,356312781
109783,442618903 133377,976834305
115064,544889932 60630,5153868257
56775,0405226979 265459,61787179
-70536,1289799996 282199,136462063
1741,77929030069 496024,736212919
1420,37369550735 715452,274028617
158790,044055766 673009,648503878
15297,2766126056 359317,886442802
-23894,5511042082 155220,076131441
109209,952227305 364890,187515938
433901,063325498 159132,774063886
-12756,0119341221 211885,058373974
43470,8022989746 19808,7787526421
89147,1057997547 100195,781810434
-7385,7487582824 157177,965752695
82425,0379752671 439971,281761159
293375,137887932 340567,44638592
3787,99521553889 865229,77061048
390039,110585711 296351,378429324
81477,7052820505 98925,314057395
176914,313563114 506811,169578596
8526,38471367135 66750,0359193492
202147,701117437 542653,301224656
461876,391894856 391004,441938561
285237,754443084 127357,603336206
-46888,4093987017 758305,579616567
-17489,5370587276 39490,1050464483
187390,843295548 249425,732035426
1334,55751489036 21695,4894713971
-46976,4945855143 406783,136305093
29419,2714061557 350443,504969721
46701,0873711962 321924,550476655
148757,525541949 847177,245908559
171545,124585269 144489,253025639
644125,559421344 356855,608645428
1734,457356957 99701,3074680405
-17141,1692604498 200917,910049489
-282700,774851076 261939,77944007
-467570,976735265 -325992,38957162
-140058,459241175 -135684,110740837
-100305,265501903 190987,040872662
-846258,829233217 186616,732933952
-96342,6577453095 -9166,76459311543
-943744,301486874 -103162,97382515
-92339,7634378819 -418296,935829556
-307755,637060785 198356,812534085
-221263,821759566 -193803,524182553
-64097,4102326163 -86015,3354788457
-419951,280588019 179298,791695531
-193000,095543669 -217410,403972771
-449408,350240704 -61939,0733862105
-655957,883159348 429954,887851322
-132390,261406397 179838,740782788
-52813,4478903094 -140680,678916802
-22450,5098383112 -187835,967358624
-32083,1388797779 -69022,8863171241
-375554,197563097 1062,12098776974
-408154,616204896 31428,1909616604
-52925,6194502551 -344502,664308659
-331310,396456392 -461560,949063765
-176777,097923115 -3769,41650941242
-244761,782608368 164997,498516615
-227007,19071307 179012,146785483
-355035,74851101 65014,4531916568
-338501,003848203 -193956,124371856
-520482,01676221 461471,908931252
-17739,9012006102 -169520,737856035
-463290,210863714 -88871,4867937265
-116339,109132511 25376,4936166604
-367577,473744332 -4889,09842626848
-67471,5375899805 -748118,786647901
-241923,885276468 355,294734296992
-632293,295154862 -185145,050642793
-97492,3238569509 -54127,9408999961
-33575,1412007004 -511980,51792718
-267917,006786344 -924506,059078946
-294617,524772689 121433,044444329
-32896,2273909786 -125071,981012678
-470862,306815152 -92797,0772177833
-556201,608239618 -875317,496778187
-655923,873747663 -25944,6119847044
-405249,65668399 341920,248862759
-46203,6076886363 66782,6551824872
-193087,841178117 78780,9229090037
-411376,358590389 -84422,5899461376
-607696,875659978 287804,897093218
-222465,694372774 -669544,874601468
-39007,0306924903 -365335,649839462
-224658,884751559 376047,420783174
-208464,457511992 138301,81894826
-174217,145241559 -77198,5150322814
-532263,932228536 616691,64483567
-186261,075243885 -218522,845137672
-265104,584441645 -224472,560992521
-478697,031601647 81813,5019243087
-626392,758451379 576714,043851431
-173757,305566295 -103268,12248843
-261383,425703848 2606,25256918196
-443389,923697488 -402543,248731288
-103439,094893015 -216968,056090189
-133703,087122514 115286,5738811
-456042,941159447 -807584,005820094
-666067,123893079 58260,409274921
-124838,01647933 -23399,5735971693
-76617,4764241471 -667686,666126679
-95431,0051734192 24266,182408929
-508863,043823681 -239551,885774574
-481152,759609228 3567,51629061788
-146825,709497209 145088,0347236
-836290,326570742 -584974,1659807
-418561,057551108 -265901,227238367
-53471,9553313614 -263738,825928565
-269133,534318392 -69069,2385866625
-30353,3186563017 -57103,7314343023
-744222,822199817 -738072,295930958
-415860,195380802 -193448,191315908
-91642,4747316551 -278158,026127488
-123678,367513601 -179564,534342429
-367324,704911357 540104,540427882
-458031,654034096 -610773,811151772
-176536,50708963 -830952,533306092
-537980,015262084 54215,3040417322
-215021,839631698 -45653,9335972871
-33236,0429514833 -114528,23383537
-635419,719341311 114462,413135718
-503356,304671836 27534,0496556154
-257832,419557922 -111088,377603881
-334114,199876088 -206697,39179783
-90643,4822357723 -10287,3485848831
-91435,9946807232 -121980,416193263
-219559,114723291 93637,2669588995
-43490,7338727036 -44192,5785563945
-47936,5173779458 -168979,133766062
-208091,05613132 200797,274304836
-13543,4943618856 -340960,991776048
-26943,8615525029 -266518,938463341
-28041,1771873772 -69624,7239188425
-58782,9861577223 -8865,01440533111
-104024,249335244 -6419,91504230765
-375464,719126151 228505,719481372
-680672,925596522 -11277,213437365
-623465,398024379 -118506,409670416
-146666,834378492 -87849,2651918713
-99942,6795357059 120177,048857548
-182413,924106096 34027,4231744359
-169271,948645152 -353388,658826045
-71066,2654308557 -678077,161028496
-235537,834760264 -171617,103406162
-391898,050396481 -242677,943936525
-55077,520387965 -731765,109342244
-167163,989496259 174607,928446222
-685248,422501892 -259800,443359299
-106394,591277997 -290489,338606536
-378665,211452287 45009,1152681043
-103428,241367503 168578,444530707
-238626,796747468 52478,9214776964
-174607,708161511 66469,0712031299
-20546,967064084 -90015,1194026187
-717179,051980081 -374841,588032958
-809076,07731262 285381,367231609
-406836,562868098 -153563,022369478
-279110,507426361 356759,433454297
-128850,237830526 -163442,414336262
-132078,542673103 -1067,41095352052
-204351,030447283 10078,6914259306
-176888,667965165 -90996,7020212145
-256170,187205263 -413418,067559091
-59686,9413413559 -199505,937491337
-591650,459136959 118450,724057173
-227706,697159929 -15247,9355374472
-405558,053586483 -231900,494340314
-381335,175884295 -130716,173931919
-138911,067779358 5508,69086940991
-379522,313073618 14519,3412450605
-152920,952384549 -418580,97059355
-40983,6535353082 -369266,656483365
-23400,290463362 -210392,271274585
-924664,239289428 289017,755717062
-60557,8530470905 -441437,3843012
-60965,5887797552 30717,0506510078
-723946,739559941 -145998,602905386
-663808,158075307 -82655,7889834274
-760345,688165557 -227952,911179084
-62168,8872195095 -369196,831428164
-557230,094548229 -2706,21669005892
-127641,316557082 -471997,555650539
-30386,2154501245 20362,0342163518
-193162,239756229 134963,964992681
-133892,710340334 -430581,685647936
-484665,204174946 -361682,878419511
-57536,8198104346 -271309,958170009
-328027,257489103 -64360,3097823841
-202181,676900267 223884,500898385
-139337,752977175 -579215,231931885
-61243,9576426702 98284,7046798066
-466176,033059256 -153742,963504871
-83617,6008619245 -764402,816822917
-76809,8731724293 -299990,170299086
-438907,726187508 -512099,067909543
-168244,960695878 -430721,133537875
-370187,153810551 -206966,282401418
-571265,08186853 56621,6552961234
-720217,818507628 -163945,140382418
-244173,637068892 -522201,56283036
-134039,781387171 178610,854826959
-293491,71742718 -170520,865167738
-677012,382166349 -450794,57293927
-90189,8961992091 11042,3429947762
-788496,374514515 236983,250117175
-44762,4918700152 -964365,68003546
-127119,493678001 -127171,796099016
-362430,650679246 -188107,128917328
-182886,884903713 -652159,090316716
-69240,0423398726 -127197,450765966
-318261,850697172 242988,452057572
-265091,893499598 -224263,465079982
-208908,400612859 -474282,164527078
-120998,188029409 73228,8075181231
-473429,472134621 -193862,139411201
-81718,9273371906 -116273,885205603
-36529,6586120267 -3541,67798560237
-263378,973907189 -545395,637949507
-106203,943848635 -397520,846741163
-377831,03476424 144451,958084826
-106914,409774879 -127252,966995558
-129879,481058606 116590,594787574
-128375,411090052 -23480,7599196885
-439349,725582424 22492,9674058691
-664876,670689514 400328,650456571
-151791,340389229 -681631,177654684
-198897,542593542 62252,1233934546
-84457,4929881308 144384,0839036
-162524,325490017 29887,2239410678
-407026,448243484 -22111,9849694222
-516337,444329587 119332,299049304
-52174,8380864849 -261682,777010949
-423605,094765855 -75004,8220297987
-241955,791342052 20843,1673743032
-127953,979386216 -283606,878335469
-305047,456168404 177450,505085168
-187704,58624437 11588,3598580665
-41674,7065560774 -213271,757508343
-548225,85281528 2936,14392088081
-166588,768921989 -366421,579663073
-168473,038433623 104401,509357803
-259117,968174352 -267041,169143514
-135006,136967643 -176223,686187705
-304276,443707255 -402396,218209993
-117302,030254434 184865,907709221
-165336,34460067 -322900,417166541
-313310,198356846 -46022,859113764
-137219,969470114 272911,011393584
-196662,918515253 208132,439607102
-163594,127601203 29628,8364963684
-92292,6086632929 -96515,8502805512
-472701,350457851 -20801,1751507917
-110969,105910456 -284408,778877486
-91234,9457137845 -84303,8447482404
-264513,694074482 973,487875733286
-106820,025397657 -96533,6785893304
-32894,6104605257 -264780,328744266
-305671,653851218 -383747,763819071
-335864,946980404 351500,350971659
-545492,612813801 190260,193755038
-96979,0972993006 55379,9805969056
-635271,579409557 -166368,517857702
-194446,452132344 -160436,260767838
-238455,067411533 54575,4881596889
-109457,883435999 -93536,2509286591
-683090,672489265 -449289,788381984
-355894,591065929 -125428,09579305
-260443,393245914 -10988,6291812633
-548214,533835511 -14654,3031537227
-402062,429533553 -122581,654449767
-56855,2403236605 22144,5622666742
-15496,167735118 -728518,032751022
-53270,8130163768 -143301,49070786
-113002,163498688 73710,6869373753
-143600,775979118 -13435,6881381318
-221384,209235531 26112,2042469164
-160915,884506653 -299710,592436554
-377332,656405708 145108,311406971
-524701,997463551 114020,259318585
-53659,3671526873 99407,0083593461
-24109,4285504871 -23337,8963934006
-38986,1048561782 19200,4022891523
