0 0 2 1
1 1 2 1
-1 -1 2 1
-1 1 2 1
1 -1 2 1
2 -2 2 1
-2 2 2 1
-2 -2 2 1
2 2 2 1
100 100 2 2
101 101 2 2
101 100 2 2
101 100 2 2
102 101 2 2
101 102 2 2
102 102 2 2
-50 -59 2 -1
-50 -60 2 -1
-60 -60 2 -1
-60 -50 2 -1
-55 -55 2 -1
-56 -56 2 -1
-56 -55 2 -1
511 511 0 0
511 512 0 0
511 513 0 0
512 512 0 0
511 514 0 0
514 513 0 0
500 500 0 -1
501 501 0 -1
502 502 0 -1
501 502 0 -1
502 501 0 -1
2 501 1 -1
 532918,448389906
-88802,8307871348 294877,175296444
151415,786235486 -1305,62269928754
-53930,772135002 -117920,760030671
369196,613159676 18652,5107350072
56322,8417555698 21350,2621519613
-76413,8521788744 206192,381957548
694565,933782755 17189,8629677509
50569,0249901344 30311,4517943149
-60884,5516946561 36775,6081693762
58492,3499478224 97454,0107926438
702545,43410094 -34814,9085732246
230895,909046862 73270,6238046236
66947,4647529421 -140565,495947663
-562603,957873544 -338327,577025913
-45783,5532487275 780535,294404139
409571,02672013 51562,0056722835
-119517,020717518 145856,251918707
167447,616073432 -302399,672326888
-30898,8966267597 -448848,08864627
609839,451477997 -57078,23981909
-171422,63197144 173949,851771109
6817,91609051727 351039,096209342
-82637,5615028225 516503,821539227
-577470,214883948 148455,57992374
-195778,340211431 380542,213293295
-202925,18411668 -291493,339540458
412424,072079435 -342776,451993075
724917,652558218 -705697,632471409
206256,301287733 84881,40736098
-19960,595810246 185070,403068442
-50428,5091062638 155842,39125858
-373360,431491754 88831,2373176875
12161,6310001969 -281144,456093787
599653,628613371 -278753,563907185
-884895,552987119 84889,8357809595
310702,237461082 84657,7400778414
17570,4343386686 394299,474872825
-119383,736643039 135564,536121084
219853,924840155 -467779,329102325
579805,04993676 -7857,73061680036
-529297,019162028 -258866,9023548
231890,932757826 19580,0787502695
-840840,174592952 -87894,5129284889
-194481,714167178 124125,292781396
117212,997680802 12561,42778795
755353,393829392 -60988,1584450752
-347349,453000868 148882,676724304
36815,7299501825 74599,4271898099
77152,1852123063 -802849,064590678
6451,72318466088 721120,862926161
-193002,974453842 153600,875812765
360143,357281653 100082,929294778
504542,450112002 -612802,903890862
-264260,731095896 -306746,569964987
-414491,626000104 131608,710154915
395695,955011124 -19919,0039811083
233738,127200549 269219,526662454
24470,7935326224 -143398,686626745
-388950,262009527 85466,2716261737
-143653,312578599 124780,976239502
505171,297349673 6493,69686667141
-51841,8354015145 122397,529237699
104564,835740144 245328,445014039
-61879,1661518892 -893566,817305231
-82043,6102049088 -269382,321367856
142324,008542137 48783,1115066694
121724,123775244 -86852,6002925339
406419,638098663 -37357,6516563742
-258255,753655476 258146,180703552
548091,586490021 -425415,199093579
-194508,130883795 -581703,163248542
408362,296243088 -170298,319139145
539115,953985475 -781544,394444313
671593,96535148 -675543,954425882
235953,901311826 -197725,690733642
475803,958020143 -166508,510486029
-138397,012684344 -160557,914119204
-384866,5251672 559184,564656805
493885,788768432 -94562,0352109182
-630857,926593524 -29106,4323839994
98153,3776616218 -68115,2346141652
260313,354891967 -177997,510426071
87508,1678905395 -195420,156635182
-302649,43504069 482156,248764327
-246738,692671434 -65532,5822835213
-406041,597076338 194610,5966518
255799,357747488 242152,027210556
197053,351548044 30686,2933052072
189887,262986492 388635,013605864
-296188,066798054 -839160,24775132
-338724,639326213 5818,64730880905
-89507,6516480342 -72496,1643602933
262214,578228328 -602010,833507878
-190648,64294181 49301,5021185826
-168939,675647073 -236594,827188278
204349,203808089 514734,208978633
32620,0730533554 22970,599123644
77058,0033309879 157494,951799975
-176475,924172395 -317188,256702054
-702605,918563781 496743,33290625
-588389,71837373 6988,83681994297
268085,218077291 494837,456870473
-192680,584756271 84063,002886069
-365146,398916845 -156130,128520429
-463387,159368184 -10710,657992896
-64824,8077122983 -127951,869519127
332142,170324797 -135389,00404544
476634,623877127 197918,520615934
-159535,662361676 -314131,292299003
-152071,949545278 -260536,75837692
-141540,157848036 67030,4528952997
74023,976470653 45007,4933817198
-331346,567034254 -287596,591715714
12826,6053983665 -402621,638503268
-540923,581007691 -272836,029218624
-162420,639906477 776453,482664765
169920,592638273 837,318556665126
-101583,00926885 353651,602698526
-313916,974987265 184038,465031435
67045,5187076654 -198436,073933425
467217,836836344 53902,579123813
-163462,097065 242725,900644495
-185975,76613005 245137,323544604
3726,37498796516 -163040,078965321
720307,626826192 -33279,0577861555
-447344,25193367 -275092,251141133
431316,075068652 -394702,743573451
-519626,912594253 -9029,48169532627
622546,301665434 1770,44426667758
-299929,701917925 27734,1695446662
192124,823529703 -263561,400895678
-849,499569528969 131141,904632027
-47447,6226274295 133389,562113414
472837,321860491 919262,947773112
-142601,329583536 -9125,13694180135
-642161,99630702 -98451,3239816047
212856,943792815 112766,475335216
15264,8925995579 -114702,297815125
-26160,5127525285 75298,8621444366
106404,155543146 -5598,65509533168
-839816,231037078 -67329,0168388416
-151770,553414059 -14120,3290779033
385435,826218868 -296536,649004596
-39129,493655158 -395038,136315555
28933,3254280674 -705285,521263355
804615,075891402 334328,765814581
311049,742687604 32358,6052463248
-387916,74800954 -187006,958478942
-169980,951204798 -33092,6365128032
-54797,6054258005 44044,901063933
39757,6487897568 898872,968490936
-110924,073042607 225469,220748709
650969,626125336 513249,786730027
281203,05868054 -48854,4513785692
-403285,466637189 -681629,820587951
179975,22596868 90570,9527398306
-358349,045157651 80885,1937562698
24593,2288772302 -32063,6911574563
-477306,19176701 -236086,710528272
738943,445007288 -168424,790138197
-72679,1561366865 210375,563539682
355980,55523452 369320,614970521
195759,246042316 517565,265452335
-139740,528891776 10309,6649752882
391828,461754289 398150,765980548
-953262,289918465 74533,0953505505
248179,375451071 77624,8889490943
116780,762139952 -282210,37646774
38942,0348650338 -97698,7043282849
158755,92687655 -424524,131115882
34459,143062187 -354320,85958748
-409447,413793101 86678,5392406651
108464,132179962 40569,129880223
-414263,288257346 -120781,088562839
40052,7851660572 48652,8289479547
121176,579860574 594969,28556052
-400261,558521056 -562638,545517287
-53983,826815471 -59395,2466272913
191657,010195156 -510909,674433821
88524,9726037937 14756,5705436732
-508376,655845521 -153061,583985686
-19897,572454667 -13985,9081404833
-316113,471302904 155538,517502308
10690,4053662729 -416812,852603068
-39444,7994306706 -176719,295623118
-5838,3820162706 297438,374587222
266769,396515751 6072,14250687516
-230493,587003858 -26768,5057287712
-38288,5502768907 -679994,600939944
71517,2395051258 4623,28606161628
-44301,3767714581 -95982,6485255848
398529,449248118 -212898,288020826
252401,486371794 -5242,03132748372
426782,841031683 17683,9782143403
382660,674236997 129797,00156683
7188,33729235844 512981,935282777
30,122914885228 -276957,076858918
149749,914417312 -684518,774268629
-19227,298492599 127401,258888071
25788,2040440423 5813,39057726478
-739235,813150285 -276103,377670026
702803,462092969 445612,63011237
25476,0840067417 -308666,11335511
560817,632021577 3574,26321887191
-268306,421760091 638183,234576796
360681,223115817 254318,360665292
-168149,661342786 -157177,933859324
-56737,7758958902 61570,6046939653
-322462,200757893 282481,981096462
20236,010492132 577462,061728342
-437964,087167903 -218077,530903454
370100,334716298 -561564,243240468
634898,047601442 -605230,190272986
-19320,252709156 -49246,9434191803
-434383,513044355 -60826,2568469328
-77820,6401458688 -358358,300526912
-147789,752134252 -4533,3454199258
-847768,207238726 125741,807019123
44960,5913918901 40777,9382211519
176677,181849884 218262,540085046
-21589,8809403181 11332,5705032142
517237,834549797 182235,835868527
-330417,69719376 -66731,9150968366
80398,7880453033 -148307,543179575
-245462,470408306 -184357,642939388
691036,239030928 224145,351524608
-752453,575209181 -131126,322686707
-88388,8504052618 29955,2797021434
-349603,054572522 717286,646449404
-891831,375411693 715055,199089918
-134366,828201457 -386309,945008591
112283,121889567 65693,4666554902
37568,7814562227 70510,2661426604
717,728053745687 670732,238574157
592281,664879587 -441392,667241655
-189927,729802959 -33073,3157629069
-23130,9025085791 -75765,34495872
-8906,76410515176 44466,6865587806
78703,1247218671 422698,431324827
80962,3328130051 -199425,74530639
-27114,511105398 41226,6939072025
-170185,765974485 308273,828062582
11322,3975590739 258464,363235066
278056,715762236 37966,2976808736
-18953,2728820021 -132954,404039455
8405,48125749896 96003,933758432
9207,27834587371 46890,1272526314
187999,836882569 761275,18745076
-318571,083054682 54961,2156047138
571339,662524483 267800,979971542
-326906,891064676 30177,8854387411
75570,7859474434 238804,078373319
-64223,1925371244 77366,9616734232
439041,13187154 -715011,382483971
-137771,077674379 294826,915174843
773545,501480655 60715,2213094641
-427079,428985595 -672865,257035956
-95940,3692496961 262970,004470632
-299252,08102485 -259536,023718324
495845,473770958 -40386,8660677815
622998,019286102 569208,495214576
103855,730285101 -511826,541637635
312265,530311731 331434,285332833
-694033,944805468 108612,899495428
262739,73936253 686956,289667265
-757354,846846183 -386911,134105158
-115448,172231251 -3382,80038603013
-23150,2770817626 474404,671176191
309388,858501873 883242,177595916
-727493,167765675 2609,40729940748
567560,895311624 -260467,597220996
-53657,0401013722 -199246,226807064
-41299,7933547594 681195,024644905
71248,0840295265 -15510,304237703
42971,2301716354 98312,4407760503
5093,48683042661 -405724,432074173
-46314,4970481505 -45795,8809982035
681638,821702198 -71706,7433904827
388251,438014753 234870,264940787
69962,2874185789 -300416,697164089
22783,0761481929 270989,836230612
-67138,1066126344 -125786,28342498
879668,884525299 -386042,857497187
-50464,8023353563 -706434,156993129
-70535,0708473148 -55257,5075708551
389483,469452608 -113282,397422177
485196,116002271 605522,703013533
752619,275312308 3619,85202382684
496107,725877209 43869,7119804126
-664869,857701633 -54258,9779508403
108467,841467182 63355,3195955932
-71637,4500472864 552296,309548564
495232,570917547 844593,291241689
-336622,283369395 349001,776036933
155410,411029784 21927,0305850208
-538576,25668105 -17478,9803508804
-72296,6682532265 -279040,986431297
33437,4582150357 462294,862199092
-287190,86223957 158993,500843024
60977,1427435652 -437723,02446924
291606,97326955 57761,4417911132
548057,853021278 235563,819389773
-979469,369113426 -366076,025563913
-84666,8050465564 92304,3914862929
480762,026742765 19136,8372611384
-352391,015773395 -462406,247275929
309090,702321173 374253,911897562
-20611,799699949 339060,161063209
-6117,42821059629 -163800,289534578
194789,159509134 -605173,977520165
107804,440418975 -134686,355613633
-222425,592676629 -315946,686817393
59126,8090561809 768234,159750964
109830,686003962 -143928,134241569
-105855,086101831 -420820,907625832
599046,46050682 114050,272153045
-718720,621584866 -148464,863038263
103944,155435226 -255090,949126088
233519,1742303 -302042,467083385
-311683,043701826 -72167,9901877483
-717164,040047088 -319550,873624769
-42639,6026547782 320318,386382309
32196,2390363031 -106150,69243631
-384254,302498717 747649,112625551
173780,995077678 14797,9894028758
-98403,2097545467 -255479,837505857
-221498,705426395 -322731,667338773
105624,855730791 -574715,505943349
316821,707482705 29891,2129033726
-63577,7889697709 651970,993748202
627623,108852288 -117586,068731562
363853,594421166 -17846,0531103974
-373918,720851434 -398017,093794942
154689,400372368 110888,904713699
102743,618610268 167638,837905865
126303,832949024 280473,05097874
462726,88833766 306857,347413319
618020,882994554 -23223,1247022194
119453,214123099 -163056,761857607
173480,445635372 137443,798773153
124973,615144396 57113,436188542
-313058,520743592 499946,691628068
582762,439512627 113114,045705668
-80134,2983386346 -474805,43226882
701192,808090542 130238,553210241
709599,795683817 -177255,188909497
209609,578976327 -319529,149646409
89187,8804805325 -87536,9981587348
-40871,9618143625 342181,036924952
104805,045104209 -184186,040628704
27895,1147114472 101804,413868327
-699808,852643426 367148,824093891
-174411,869962046 118725,768390677
61671,5386372421 24153,5123154747
283453,860460948 -257856,388695303
-186336,397232674 484800,580378179
33675,6434753386 -7965,78316424078
-152870,751958364 -192426,510483839
130626,351620603 -27823,8645197329
-936257,434856697 -654348,715461372
-124406,092345624 -251986,207528872
38904,7956879948 110324,515006518
38474,01405212 128253,607669805
-252501,826058348 -154388,780614665
-459452,744155701 228698,273390864
320687,12692048 -566910,591646889
-65747,9469562932 -184395,523486259
617127,324740058 -613567,878798597
-264232,97666928 -44376,7720784167
-133322,871809914 -40756,7851389389
339538,294308136 -29785,6743103814
488977,798704895 -199597,252497438
-151537,787484684 17162,8288212143
-187612,797809439 -258009,310565672
-22573,7677809753 205401,384653946
-61528,8656580615 649450,910765499
-202192,456195444 -648376,644097658
487662,04735687 573864,32487597
258453,881556056 138660,354206378
-98804,7129000513 -432732,433036572
-450495,64463409 -693205,084307732
-105563,646281112 191376,247824937
-682466,68198852 -65639,4549863708
187154,83815532 175872,354196157
56865,5375229807 -138978,956231579
146175,67435677 -322918,037027987
-257160,607652997 -218640,896014756
479386,141368149 -58958,2489225535
-261650,572994438 -574852,240355913
-46484,5549837004 171071,231566719
-316512,34923486 25116,2576377002
-323732,781049317 -494171,778688766
188256,816555738 334251,494914909
59991,3920945844 388919,203920006
35936,4353165573 -39428,5910160647
492713,917135631 109192,702557164
56369,8854611776 148044,946776623
51237,9839480659 -241943,246109757
96985,3934388093 247142,304648521
21307,343961002 -144614,238397597
274206,349119027 298896,29758472
-199877,572796866 -79882,4194705814
25439,9810905205 -868610,164322476
368000,987015609 -3730,41914345623
13596,2937085164 -49555,6515499594
656546,776328826 452507,064937666
-309690,466761105 707767,623764573
-195468,776811758 -60794,6652111088
752127,947704281 -18056,5521806286
-291863,741080891 194769,994594039
746941,349207414 -88659,287712285
213422,566932135 26861,1933953996
231200,361737878 672046,005998898
152451,694901479 379749,862523249
664876,938144887 1504,53322889634
-19640,8839546968 299016,187438865
200077,308742894 -985419,386247696
-181854,164767682 -91245,1539422167
29500,7073220241 -14199,0631080461
59758,2291179189 611020,75183165
337225,069936241 -494181,958863761
6575,41079179543 12264,3187498605
-669873,916677171 -101939,526259135
728807,314097148 330369,694918792
63785,0445665326 -138536,447666239
-366762,293233145 243467,041883032
94151,2484878149 -355497,119504139
-704883,250677359 -9139,76018501807
-650707,450156918 -299131,096132126
-105172,051685691 157109,170548876
-147340,501090946 499761,0376578
-724198,704466899 -483663,698717749
-298900,421894089 -352137,054724749
98221,4805638145 10757,2413763563
737657,224197194 -747158,749452946
-501416,00108295 139177,233752063
2464,43953591978 -126813,987023492
54140,612754199 -334977,784967679
-29197,4577484524 -773098,414028925
113379,274720549 -343325,756045155
28220,5453399478 8451,30400771802
178677,14706181 -61906,8618783969
-158546,708621234 138312,895314575
-36224,6313843916 -410052,834361774
-1730,48907598038 -757983,991747377
291613,441561409 -54811,0378526943
-72753,2968104823 -272519,820942432
-23860,0240735412 -152573,050752093
-11315,8107817363 -357534,426702976
-208258,286069533 256164,170122223
496556,869627882 -349638,924564737
86792,3526175368 -51400,6653222491
626218,316079187 -52213,9259337461
-182508,611013125 -459075,722847974
-179578,250741796 84541,4084601595
-5823,32315759329 448755,568085861
594779,23471431 -3056,3051794359
252200,037197139 -66002,6937730549
-262610,546369876 856983,690287654
554989,019615449 20939,7668840246
-64819,1668545102 70872,8866444537
-276139,202982133 -7421,66285631604
-388872,712787069 -147693,50050993
-86921,7556408922 -435857,21251316
354070,762811216 165471,699555016
6651,94117170616 -284850,487029153
-76416,328712416 29491,7898896298
-8613,61461323156 174195,966693408
112991,863488005 267697,829189112
-35800,3444883569 -141188,859367666
13586,4715283864 79348,2526188419
420650,079174286 181426,34678626
-43364,4894492405 -196546,251850397
-735829,421447268 -389332,333465489
638718,942443799 -72110,9751039902
-62470,6424402793 5181,8892747303
-748969,09550029 214462,976333948
382391,360348263 103012,730267289
-86438,0432197363 -395398,147151641
1261,53398312513 320045,543613667
147616,313469276 -406816,605692884
-349977,923905042 -861,853758199538
616129,999680392 21051,3688752956
177987,689581444 -236679,666904286
44816,238274688 -97773,490565086
74470,5888239111 48393,9390962203
-31926,9638423472 805774,850849792
615524,484097364 -74684,1871126421
-273761,678854004 -568516,4174056
-46181,9111112691 642165,431941617
-244033,442173484 -84112,7290232842
-35527,4385094631 751675,639856255
-480126,692638162 615853,965079217
-506730,864267429 -69712,7696822774
594557,830093572 561116,976282896
-75866,1199869933 -646373,251419382
-68417,6903447233 -84082,7626936821
-43511,1715278813 356319,195685744
208627,206509175 388363,322169523
862153,176381621 157320,994259306
-11732,6757269551 21341,7306497832
632884,584485267 241784,961331172
-593105,409397431 -358187,74192023
-268996,509966413 -423404,483437445
172743,327962222 -167993,781800867
736426,879577397 -8051,79982241048
351378,084074347 -567292,322736056
348634,439055222 -463222,340938282
-405554,281528035 -181208,545309408
92040,4495511793 -779426,311192731
-381193,074181874 364754,983633691
-421617,349363232 -171764,118207764
-6296,37087230309 -438812,833186446
22427,1850076286 -130415,830498477
354769,036864809 -289624,840853361
18792,3900298515 467434,332977518
54593,1659962685 -303647,187148593
-472521,684873138 372961,223061449
-31438,6822137929 -55305,6586029463
5826,55753944701 270198,211767152
-365905,685239406 -166421,073205894
62509,1325527263 -2113,07783712404
-262850,08835943 -20130,6778847848
425174,495770965 -44311,930432924
85710,8817438497 382849,54143544
-235644,621940369 -196920,000610517
-303634,588930881 -949913,368449551
470362,240887975 347919,388474058
358071,960731532 -478020,305394362
40526,0457402915 -867744,88655068
114274,055455031 -337579,593138625
6993,66394965149 315289,249049049
-57619,0074432618 321786,20256567
-354602,001459136 465638,37696383
26240,0131322481 10878,7896207514
156273,354079693 -125146,502177735
395388,694836342 4056,79849034492
-85875,1253144304 -112152,715397403
-273375,132153687 -85677,4425782857
-23996,8240490839 309674,073933132
45878,5818073724 55049,8743156474
-124314,856066807 -60191,7494886772
626429,429490436 -136019,284216779
45024,3318363085 -233389,294108851
5973,44617942974 750693,507526528
565681,704675687 85284,345825229
289338,367426615 -323480,919831399
415668,039724516 -226269,911116539
-161707,351468491 -339580,306879213
488040,166080716 -484253,903929643
-447325,225529234 -400741,492997986
547902,470166329 310386,324389992
-479,98647198546 -268008,727475355
-208557,719412626 75157,1261093193
-73873,3119857243 -199820,662828221
829832,563392271 -80871,131742802
60626,1158260313 -455651,395720118
290776,165583653 12490,0766581493
303784,408491843 16677,00787433
11684,3527131287 -19361,6141377919
-322726,582966692 -836729,171666176
140501,511357619 345912,83840352
-36314,0805389407 -206082,699326621
4580,7417995393 86997,4197014409
18060,0651966911 385557,950773543
201316,857944372 135626,656136413
-140127,778641097 1800,60472035902
-194127,827300273 62169,3280283694
224410,927637914 8157,66412270426
7396,1619897262 -13689,4537756683
-273467,708771138 -190748,108363949
-84699,0343476688 37199,0059571392
111788,135702341 -232150,338741577
-164719,139282777 -251032,350264984
-56954,5694362645 365661,015303968
-792543,89773562 -427917,697811534
-5903,33205412577 6219,68442037128
178780,333920978 78112,9162970851
85508,2231613841 -25349,7614452842
-827939,941536318 168635,276453912
244045,75243296 -49541,3294135948
-42007,1808097741 125604,14646191
507552,836199345 323161,874642413
-3910,86369915626 -322360,401826101
-46523,6576001764 -135056,571712653
125563,489364097 -179720,493043273
164989,786391943 674541,242790347
-79433,7129797133 337956,023510011
6039,94545545426 108617,158528925
4171,45968622177 -135349,824559583
-191796,907901387 -10243,7084360736
540305,387929539 237809,506098135
-41385,1639231779 95115,6264384387
83556,4149162008 -264881,070993433
53152,6782858785 -126779,176965505
-39800,1050063852 487741,060078014
152905,781569498 -50182,4077916948
-586306,659956828 338246,692660054
-37531,5857198926 -337471,0793796
1561,74721075303 -164344,366580958
180340,809448921 -152949,252522065
74103,443242992 146782,199647341
372834,077496777 -129930,102503453
83265,4284795008 -112207,776726054
-48645,8333111446 -199715,022761027
422125,406205903 -135503,39446475
-204754,325184582 405025,94932667
-376424,880400371 -131885,172290114
247870,452817946 -576669,885138029
271304,519699559 -104227,741101909
27121,9610165618 -532217,481839972
86411,6000442075 64676,7473182114
683961,131307463 238541,03391555
383429,908678187 81757,6249869697
-767802,080774982 -130350,634974788
82128,1996480046 178978,494773889
-517079,713022886 535601,396451546
-149914,051690751 -259225,306351995
16831,7373523134 915388,383111676
8544,6462315473 531214,523159179
-119015,964345362 185829,897063798
86979,4706713629 -617096,103621
23060,3398227554 627264,811638644
-479318,200853988 -126578,427306568
654568,723304479 22959,7495305761
247698,80001949 433543,199656793
132173,244114496 245123,197491102
870462,902560896 64119,7960069439
477319,592693083 80164,2680147482
-225445,437891116 -219160,239570611
-342,00266594533 -82896,2664081092
-26168,4924570054 416461,704894555
378397,803356808 -382818,78206261
692569,289817464 -552385,318274602
142348,776252022 404501,536241463
-86283,4579233795 476680,7168018
-21506,3503906882 -396774,327564256
178512,272238862 -137457,685982967
146740,234390938 135289,894681937
142078,890117562 -150757,346414043
-587843,36577377 167266,986303968
26178,2978224174 -155,949101260374
110509,142064436 -58211,5418308338
481563,810749424 -63722,1758350414
-341911,002728957 13833,9321705722
-122312,43005826 454366,867509586
80781,0428114296 64267,7621550168
-177017,631713507 124208,969934914
-443392,823812572 135188,814921033
295880,508819806 356948,643868076
115184,402394543 403013,524683001
868071,764447904 -29737,0402136347
-187780,579223165 -5336,96842284779
87103,926725802 891638,41452651
-120263,396620114 535976,034595035
-340011,497871464 147579,686263205
-23764,0798660461 -379373,357292979
785099,627495659 -609125,512458902
62520,3345180863 -88394,1311616162
-112144,688641522 144881,47151979
530518,994496956 221707,654494708
697139,869931759 -2380,80055375667
106617,925514438 -144314,128593737
23645,8839762695 -163730,923520821
-143551,494787005 -648220,776993951
618371,213677399 -252045,895539032
199014,037625408 -67390,8059077988
-856635,55572275 163317,041331409
9551,59344161469 -171723,403050064
85233,4549651032 -107530,465791402
28436,179217877 136746,327949244
83125,5205512454 -442767,569114202
459572,964792141 345231,286459079
-390317,229165273 463082,940535193
165478,076235605 124321,745451046
-61467,7633855156 -716521,848285687
-592775,555341174 -293352,907322255
-145550,282503197 113973,453017796
-362130,923552961 616515,633125952
890954,205543303 125694,03119078
301742,914336036 284694,792978951
-640142,541089071 -60055,2547321996
-1839,58300348072 -47755,4452997513
-102512,379854222 -460954,604057533
-101044,526297787 -661442,7529871
-345658,179057099 -41427,1535758912
247873,997484872 81998,4800987218
720507,531921075 -755456,796376747
98296,3786291556 -12512,3634786822
97974,8999790591 38826,8844939446
-221816,625816141 22060,6052678696
208209,008061091 720643,451204357
-7797,88279123971 574040,854278507
521386,891527349 -9825,36040659545
-6359,53765899201 258287,139027499
-323933,811987807 406964,757166395
-628815,475849701 371720,696866443
313027,536013707 464302,088403186
24811,3841522352 317487,497185504
176659,311620704 -255613,807841961
214362,901839689 -416246,843438279
-150128,468439912 713067,914491369
160833,976058435 -471490,663256023
13229,2937485847 348294,617597722
47568,5509367918 -87547,1518864679
81143,2371046577 -555147,473166414
-154929,253185649 -263851,93730082
-121568,258593705 -1075,7280695018
-419024,251711158 544221,468880775
53704,8705355687 97196,2770207339
21016,4360555524 254931,846175104
49949,5573584156 140090,515267064
-255161,713058379 -161149,323914445
-127983,553710386 93037,9293451933
-39757,0888341293 -206072,214344645
70166,1819287046 75842,9055222664
-31216,0069245119 -13747,8455319013
-173555,405474263 212284,34540333
103920,829769632 -68549,2824406704
-345046,912265539 -277307,749150772
375585,493113653 629704,859899045
802372,989846227 15560,9388049473
335194,949524676 -170927,740281208
626981,179265211 -505668,186524862
-5871,40542345746 -387703,841223057
263273,330989462 -202112,538207896
-49446,5143293955 20466,3872016321
-474,445477708916 -417960,700859348
487829,993742262 882406,427073683
-336990,681212821 31131,9699400845
-18575,1343002702 35142,8437857995
432646,395324492 6704,07918411078
-644197,867551435 -695121,21542055
471455,331352863 295217,71596963
-2024,3127954003 -1795,73032622772
-41553,8434048942 191879,269064747
-169443,339891885 -75500,9312721309
59972,0543800155 -351049,379105031
698164,259196656 -576294,156717976
357603,975605254 12929,3610569748
-125678,285352259 -452977,726506853
220681,721014057 65026,2170492756
208392,803160284 -10131,8805855386
-253422,127782206 83361,6105504155
362853,561453205 -127214,526883137
-154291,169364825 -70975,408006014
70925,7966965427 815171,373018896
124511,468084067 309043,538023412
-197664,035247836 183048,640232469
-18059,9480348378 98821,5895350974
239861,379043307 98309,7438619499
17186,3187590941 14890,4264552754
-577051,596271419 22515,6154113019
-14412,6153114664 198649,380182534
9566,31253875155 601489,730980667
-388995,758037877 -154099,278055209
442845,503576106 788934,192691899
863956,406701771 671375,230579297
80258,712243982 -369952,897482194
68938,1044963971 -28186,8367530829
353570,277893863 353995,670222899
-198268,066083481 -333389,123092428
-47000,060592454 -92334,9481512303
-203176,638077244 70606,3221383832
106123,978302289 176829,995651177
-457135,158772532 -69398,5212392502
109629,085095434 -218491,388510704
-57451,1976045096 3964,15379198182
59344,8731814087 467534,37446319
-261824,754503828 -92842,8619493744
-15265,6081986733 -61802,1334985989
382400,27844864 190904,221125905
-79464,1967522466 352597,575565923
601704,939967674 -26979,0415959475
-166739,626267334 -212071,508061249
-44847,9808995165 -58147,3883171232
88558,7041245409 110711,160886999
-71134,4878168565 399594,512567317
467573,421882667 -178206,585622116
-478885,103057618 -2021,47493855724
-30638,559308308 -89915,6531381736
-131680,672710841 -937721,141187073
-700733,596990005 -303075,248881967
-173078,723638904 176754,064840768
97107,8249632501 366007,536624999
-13746,7090480932 -16204,9228608077
-203875,553267052 -69940,3524945655
-299307,433791742 467208,355984548
869281,727699293 424676,207512666
175559,886199224 -409269,636662578
-400644,786809441 117457,550070543
168494,958118354 -63091,0745507866
527225,553716414 -50873,5596572764
840908,582400782 342706,371876187
-17641,4335023488 553292,215928283
295808,555584604 276243,931079492
486093,984853342 244308,456403876
-509642,638822129 310581,865154231
-305397,513270621 -159052,661429758
-96511,2587742308 -61585,4886780109
-108652,939840204 155807,70414906
-51498,0797663927 5717,04108714175
-273772,391485065 15823,9363655583
-32252,423811855 265943,70930814
49507,2306212006 107265,197154371
-71761,5806196991 30313,2268901138
-438634,048992914 -600570,004921163
44238,7259160116 -674634,492255169
743444,550838398 -49732,0918650255
216302,866435805 -833175,53819468
-494960,208839225 -76102,7579058934
-19974,2792074938 -589349,451508448
200145,953045445 168614,054565125
671435,507645448 204962,178611778
-56231,0230898666 -317774,408016206
742686,343382644 -72174,0747654797
-369536,715658627 342936,949859454
174921,512771892 388873,585877145
-810606,919298565 -659614,198561698
-14648,920896918 531013,375829604
-64463,8938743574 821692,6744564
62961,5036058247 62042,6477036591
-491989,610908106 116896,442701878
-63390,6246473261 -141418,048487313
-329189,038534354 104583,512343423
-187062,445175482 323773,681646445
139623,266442923 -16334,7751041794
628063,683512285 112255,412970835
272563,686260321 153651,672784656
-514986,330759519 -356853,257629768
624247,392942715 9841,09313810993
-369535,942691124 -102897,234481332
445821,790676516 -39600,6346880601
-53889,865997374 391805,086448733
-180145,312290243 -222499,3539327
-281672,233229132 -112633,220064801
-486750,134970269 -390386,880678097
-47272,1229008642 -527276,03284085
33,1095772320915 -1286,9240128691
609204,164392484 -727802,170475477
250712,993850973 -386833,473155147
-15752,7603418905 -569543,742513059
179836,51136264 -199304,706425173
-127554,850044372 -84431,0959231696
-53870,0944482792 -557476,384123634
92016,1936711344 -3946,28894286151
364284,680011349 339296,757180932
50485,7555541609 -578618,868114408
-19254,6254012522 -22158,8624378368
-13457,7940362067 452061,098592926
23225,1854890264 -649738,384119122
-456693,425539721 -255687,518797809
136462,325320166 -346817,181929594
108796,956468507 -7921,65399929213
819018,580001931 -404562,731309404
-279069,851550105 335840,79000913
245927,717441685 -271576,234430635
-58931,3502578015 55551,6310819814
20015,4029546713 -573770,493743182
266072,670671262 -61549,3651599099
-29866,3037547997 172773,954624973
303051,071587168 5696,30947526652
166591,72976885 484390,26447544
-37441,8987467428 134321,181553923
321569,996228316 -391354,571672993
207051,05284143 -230458,773744558
14850,0912643499 -321876,984416712
-271090,807666203 -41568,2991508768
84594,2941522274 -441599,802527815
286566,912414207 93420,2492691694
19809,053109936 213608,380904438
-56238,4518822462 -434406,479767906
111346,03009642 -112298,073084031
233668,118997788 -13988,8969819382
-220935,509817361 638960,293581713
-190231,376033439 117786,841893761
-742892,177509299 301496,540899547
347059,608062989 428353,639591083
564140,232724127 265383,319126637
-44838,9581659329 335116,437122054
-543214,646247393 350845,372618337
-68174,0378490109 1620,60613617143
228702,832763336 362315,23661197
-164553,8231458 109831,858715129
-192137,404822795 493682,341573847
17523,1846565097 23286,3860965373
-167319,214438069 -334931,841876341
857260,274435893 -788614,643394022
-164963,108287865 394550,391603183
701719,287306731 591776,94449085
-196379,230905108 -409123,865956545
208845,904026366 -798953,929959125
458839,505382056 -387829,44447307
-221627,595130982 512346,305097195
450861,057871585 61538,6387272382
540554,695204936 -484650,967036507
317481,773155684 -378380,850154097
-117948,181635378 -215206,202530888
9945,72802514104 -18420,6610810695
494134,294324776 -37002,2970905482
44698,9503548476 344070,259748048
30388,1666904754 458501,752570223
461674,189399503 219561,276994167
-55510,8426012652 543558,134646711
-147984,549838647 -14210,6551403816
-216866,100928234 465671,838289043
-211527,790466851 -15299,0782852858
-482282,092777892 -100093,974887593
-70586,7557644922 -417264,401469745
260545,210450089 -462390,807511076
-302189,731065945 -229511,872715018
-486618,649337843 -332438,961202863
-323770,334880574 86634,8511695442
-16944,8171738027 -310511,798228368
11369,4660997435 672364,944060186
240277,09287464 10011,3517536462
468917,856600126 572398,194647679
-317051,063035781 -551878,815876482
-35359,0338310623 643862,657386433
-389458,447099246 -25863,3875170985
35047,7038029957 486624,670111155
-665656,79516308 80163,3739523363
-90486,337802617 -352920,66739961
258165,539539474 329779,143748524
11649,5981293542 -15170,663279286
-166108,502775474 -249188,566040418
12024,4778155538 426325,44700033
-205968,761693749 -603942,543209313
326916,146506183 470320,118192284
67564,6006008203 862378,994770402
-428643,961519189 -43487,4638501259
-269472,390453144 41356,0735302423
355808,852569268 -65322,3104581713
-19697,159300082 -247010,326870677
6313,02071733448 -882829,1789075
-896067,673575846 -83594,9511507689
17614,7066798013 54694,7137111941
7847,3234320317 176258,551346644
-363549,811278596 -202195,52987257
86388,4993985614 190745,135602675
-173194,64783531 549531,894597586
-52500,965013097 630404,433180146
-123426,934005784 640775,885350449
-771926,668785998 206441,013055333
32546,4600476741 44986,361696602
-418708,956712002 88118,0673396755
444316,997904094 517402,280274286
329638,402280051 343074,499066832
-18353,1125800633 67960,1042663656
-364045,787454096 333001,369089081
-535989,840160938 -250154,900888537
-401295,567741289 -53523,2401681287
2532,91084952415 483139,308300023
20014,2178272541 789576,454285406
-246812,90554572 397033,592041422
-226392,947747342 -413495,544671282
-52286,8422502535 -393429,422452348
-204721,774982315 -106276,680745388
-4295,34815706748 -190735,403049765
-63888,7109955795 -361076,293573434
-309441,359811783 -544462,108733608
178611,218140951 -15449,565222088
-418308,930360047 -415776,568651678
20349,5428823598 -262999,924997363
293000,591886192 616232,445391916
132243,45148442 568105,568638121
617296,483770712 -395412,434022817
-187931,218330426 72336,1451015427
-896642,944470906 -146632,57150192
-202815,451478593 46294,3283152451
-78834,8130677952 404114,860532131
-37197,7065647057 69806,4234233454
100015,356959006 -88338,4471561194
-30735,1333151698 -603751,800190914
182649,870684606 464532,436488195
-272596,815956146 138252,771302691
-281974,379342387 172018,2681938
787022,976486846 44121,7620779657
559054,060593578 33948,2300148291
20221,9980831714 -81276,1587864422
-517603,895246221 54613,6936943795
-329248,091395147 -181974,399233174
215600,814054624 -6641,1353475969
285189,786186143 525757,007323612
90191,2072013417 9010,74336792843
40942,7975858035 -246138,287374991
31313,0683394051 643541,179375763
535496,706496004 -200340,038185358
234722,363508742 342897,803990656
432228,485091347 -244166,492468924
-966585,790072304 313515,530068522
10097,0019031297 44458,903574822
571187,620565781 122576,21075286
63708,946216789 -1840,31691305727
-137162,324051072 17337,1927122731
356682,647962561 5242,12310806016
-662234,741481275 -175182,424202345
235178,338068625 96570,4474782573
-108453,321675852 -748435,628086777
-384262,530045026 -44863,2873305647
39607,4606346015 37276,6773130478
-132109,650709925 -336021,513210051
547474,408261315 -97367,0027176649
46832,2573897821 90358,1629824537
-482316,124247214 59405,1641216852
-124241,95033826 -138177,991106025
-577363,574654856 -364589,651797034
-335390,788762197 419111,836278226
40900,2608038798 16833,4778075225
334151,332385398 847405,932337201
-16358,230676002 -8155,26968545805
-336071,462481893 -34895,7658859439
48000,0712886844 175687,563832669
-203504,728407376 183973,377673647
-111436,730839626 -396626,332961976
-667782,731352801 -108702,201659099
371373,417316771 67409,8845211425
-58034,8335586949 160486,872790982
393261,353708855 -154832,476492045
147859,296173835 -158542,871630667
-9822,24927278247 474026,753013525
316043,403004533 -30890,5409220623
71976,5805674049 156950,643282422
250299,73371803 509141,212676656
-27187,5187681269 -403573,307357807
-665392,58100269 256816,480661951
240655,54674303 225494,105777966
-248943,337427073 -6602,07677579209
-551234,962077464 -5170,88163358154
430693,695166462 -179242,3094354
-335320,342493578 69097,21313521
209425,439216719 97418,2138648812
398185,760481388 -467631,174580449
-495872,979256856 -249753,497413624
-185066,338163982 107684,204217153
259870,210319515 292558,237303051
473653,040732539 -16894,1067527002
-64702,209625708 670175,157848394
542817,546997739 133899,005797508
489120,083561394 -402119,99048877
35247,80721228 270852,532481628
-519013,299059757 -486448,135932971
-80163,9867432248 186148,837388303
-448621,099839122 288113,554981702
-15338,35012993 -105378,947640843
-558399,968804426 8976,54040928629
87423,0610064562 126460,165413194
518416,950008093 91319,8138207196
437654,347148637 -158504,916067476
448445,074818033 -3414,88590636798
46927,9098099283 177827,706970651
-59084,9427146301 24472,7257375977
140333,106106966 -307504,825237471
-381,951167365513 99352,1797223376
277255,305691486 645903,117934253
-535195,60482094 298994,736889769
-685048,121541461 -158185,525451024
-1395,62811293994 -148,633522350636
-15704,3844531385 130446,753035329
-761534,480784334 302464,425814532
334381,354963864 -116338,985100413
7851,00150198536 86939,3520274429
-70482,6984408492 16234,0958718881
47253,2513204162 508927,385855898
765470,5674261 324651,822201541
311830,57400097 123293,608837134
53915,2726243861 85055,3275331405
-38666,5863161518 450629,966787035
356974,619614414 619037,438548663
-247529,160123881 -434169,280888862
-260606,138253734 147625,8214132
-207654,762978044 -27784,480333823
-231207,252524152 -19404,1847802127
-281927,066148188 38819,1056624842
76317,608478687 398037,414600067
-275756,789629073 -57263,8346855789
-3688,28798662 -85787,6873672901
-51937,3468831332 -256557,287193021
119690,834977614 -222147,578765549
-8930,80135110337 -303494,317543844
307405,332259482 196935,86844372
175711,710587019 288440,630095771
315354,517819477 190505,739494397
828922,565232725 266984,079834893
-571610,326959097 143487,336409027
227126,609836887 144577,290327496
35542,4373467818 42636,9734795005
-941781,673149096 -211565,260755616
485190,491607484 179396,250882459
452921,863840316 157796,70709498
-611905,059065693 -317683,722311854
-87042,6085942186 -711356,167707577
-280378,109910184 77426,386947728
516345,583653711 -1780,71611943502
439295,27932537 156395,027863999
415881,557977242 198206,487425578
-124149,365359987 -246674,059954563
-181585,3397432 72511,8251572311
-729375,627075033 -130783,763035205
776197,182467686 380287,558469891
-58197,2204728225 298499,530409695
-17454,9001252129 -19474,8448269977
-237424,404921985 911,843761970216
-356831,054136517 -294830,66112331
-415190,730549075 -14769,8266433532
433340,098871044 1175,68223303635
106873,365107087 40422,0822427511
13826,9815709642 99092,100559122
13747,259036664 382879,85821441
99374,5135730326 -26311,6670324242
-48363,3669225748 -64608,6765092987
374064,659875439 -579943,556641947
213075,539568126 -174374,660344411
-45912,8602806166 -55817,7981426422
-155564,480984414 605728,362375721
-187283,418308093 131744,357382595
197579,200448906 226182,784752152
90585,925397119 219404,653082144
192667,75828457 -474682,548807805
-591827,532169513 -424318,545499853
-35970,3452150525 -82138,77771756
50373,4664502393 1280,26980394324
-700821,018070739 -94909,2838328272
-127533,769729115 -855032,970560071
52644,9993783729 -143067,585716172
-490632,332852695 315275,058168877
-210926,279468333 -4096,83998893986
-276498,705794357 564495,001029919
157845,939374517 68931,6799617418
811446,189004895 -596834,151501443
660492,858410864 -53143,7598372822
457573,621770765 -27156,1730014054
-183776,91933968 -227722,992586322
-889,566936207734 631273,082140031
-38554,5565171989 -103037,184568633
46762,4997258175 163996,41864568
562756,927858056 -130865,208598138
48516,6227004019 -602290,558779976
103389,11380807 -148684,934374091
-68579,6437761605 16668,239918897
-993475,15596838 -22142,4106935507
-61482,7809957153 -268227,884146957
-501502,521427763 322786,877026664
106944,70813119 -636015,189154453
94392,5148706373 110024,177038902
-13378,5296593693 8423,99325016141
-299816,144862984 646836,683000978
253893,365864301 160556,896419848
124393,900935323 -160843,595534151
-433547,851490068 410154,921198743
-76353,4671893932 -112835,079485474
-45487,0163515727 -894975,838785306
55672,9403412216 -295918,099462918
-335900,537941898 -526013,284052123
-85141,3933842082 405871,478141975
49348,8192150392 374943,090709489
242435,990552254 -388296,120841642
-188746,184367268 -59,198479035496
-365602,887893281 185005,436690357
89575,5531511863 51122,5585994867
233015,997112431 -52170,7010922803
-592141,413282725 -128643,683876252
45177,3781960576 -145158,099350552
139521,94067371 56426,3005960841
681922,260773081 135186,892259698
178483,148850726 27329,7023981687
-47178,5691486297 324942,517798026
314416,214440016 -128919,8428952
-329399,617490948 -434533,182051642
-608312,659463157 -170351,610187903
-26337,1078965781 -450628,811228494
-107058,936686109 -290960,524789065
155873,49524764 237436,377979726
225877,234736742 -243640,927125678
-102349,89312002 -102175,091891531
-439530,135115286 -117969,87121342
-589046,419806293 249335,977057762
-262091,508590121 -270125,649032716
-212160,618517107 83157,0446911739
719339,257352089 422220,780557735
324651,019049866 128110,011778959
-265877,860056925 91855,5622538764
-67233,9342419714 -247222,751330796
50057,0789052979 325209,272067439
99017,8505140216 196476,753320561
-21134,9407759378 361156,416513718
41970,451967695 187222,164565097
46,693917969 608213,60529442
30300,3690795882 386267,126482887
140239,318715542 216968,592444994
