-26413,6401416872 -96503,540694501 0 -1
-831955,393597182 72555,7805986287 0 -1
88515,216450689 62950,7375419479 0 -1
117530,919839415 -601528,167424078 0 -1
26637,5408796326 -93932,255966392 0 -1
8199,41817276525 368996,58343871 0 -1
-423001,394718785 81175,8563907868 0 -1
913685,538931629 93844,4369704846 0 -1
-21680,0310461298 81687,2620103323 0 -1
-494129,845489285 125150,475397899 0 -1
-413369,566580674 151236,947120229 0 -1
-132836,152625091 236196,743690117 0 -1
29633,9994074656 -310789,357261828 0 -1
158964,019048231 33705,6033504524 0 -1
7662,90654988164 400220,99670996 0 -1
-144386,837761288 -479332,979749306 0 -1
-49230,3006157392 -571081,653769128 0 -1
142277,624334163 -41022,9143129396 0 -1
-137011,420451054 634451,039662254 0 -1
-18534,3577900056 222485,103885534 0 -1
68961,286558625 -451145,609046524 0 -1
310814,972412787 -39073,383553215 0 -1
14780,2148854538 549323,796525264 0 -1
165438,375030201 -244901,038907314 0 -1
459590,368695452 -571321,662955726 0 -1
-35870,2501047497 616603,392669076 0 -1
143529,163506482 -10498,0828359235 0 -1
-264617,917627084 -407725,509942568 0 -1
41914,5359748558 -4187,11318378482 0 -1
216322,465054514 -404919,61575079 0 -1
-772444,561650427 -263617,437833511 0 -1
513201,87941016 -150800,440958956 0 -1
257719,01200943 -462768,941668178 0 -1
653931,883783569 255776,99313107 0 -1
-223628,871551912 -285028,653327072 0 -1
43623,8081828765 423659,725407785 0 -1
-229374,7177546 -419032,605617436 0 -1
323585,998668033 -4074,41178486841 0 -1
548521,131994778 127147,032024525 0 -1
407379,665380688 108144,665542823 0 -1
-121870,520348544 -195291,220429422 0 -1
283489,36417465 -10687,2397269426 0 -1
-45154,8836662792 -291590,995655169 0 -1
-258536,407149974 608212,027291763 0 -1
-241957,051962818 -362682,972292395 0 -1
-103968,170117837 -70409,0348166418 0 -1
-461622,797605005 39260,0072916644 0 -1
-390413,452572255 625709,981621889 0 -1
14192,8011184711 -290382,641294969 0 -1
70322,5487823722 653933,510401728 0 -1
242672,874376937 -33350,8209687447 0 -1
15485,7853148285 -144055,509633715 0 -1
660578,973428791 -459601,433598255 0 -1
-115383,104577911 522044,889170819 0 -1
193599,585298337 11618,945006533 0 -1
257154,776365305 50915,0283718328 0 -1
173598,84668128 315942,036118511 0 -1
124281,519790607 94449,1358360504 0 -1
-99934,8498032786 12881,084706523 0 -1
-346513,044712123 -9060,80848233393 0 -1
86757,043618348 -32278,1115695392 0 -1
-129317,677199474 -39116,0810508188 0 -1
-159830,049392877 105857,2671261 0 -1
66361,7520059905 265610,794783972 0 -1
-40781,1115635145 -40515,0039413734 0 -1
-381288,054678374 25347,1794684628 0 -1
893622,760746872 -619288,058700156 0 -1
209061,497579965 254577,142136066 0 -1
469790,826104937 18188,6577027564 0 -1
720188,9235498 124007,801050696 0 -1
-668830,128985382 -180231,156967042 0 -1
330248,405416597 73029,2003064515 0 -1
45231,7342146038 203315,475071484 0 -1
-239307,837222264 656874,449409615 0 -1
788998,597845024 -295572,841982075 0 -1
-229756,785472786 41549,9755308251 0 -1
-56325,3961775179 4395,82365217704 0 -1
-62266,631348702 180114,224951401 0 -1
2653,09396080025 -363392,343887209 0 -1
-33786,6085378111 -45186,6691291494 0 -1
-142634,672541456 -553309,560486524 0 -1
-16474,713455872 -189813,33797108 0 -1
178010,129913639 195175,225566868 0 -1
107312,846842092 400912,127904382 0 -1
-661940,72405406 -625461,576001378 0 -1
373781,484865871 -379870,36290031 0 -1
-1514,50805748557 -366868,57748418 0 -1
-268277,759776139 145415,118097465 0 -1
22814,9124039374 -692602,09548887 0 -1
185318,74989628 -189411,404499428 0 -1
592151,605196368 -194397,851925274 0 -1
160121,797468104 175154,641301126 0 -1
-559833,290332269 -117309,475634391 0 -1
-650667,996753877 354099,063717031 0 -1
-72192,1907086448 -90602,1232777145 0 -1
200103,608455751 79507,1343005184 0 -1
770327,104430906 -9625,53011987802 0 -1
-103124,684234112 93601,5133133072 0 -1
257621,266715227 9102,61586312419 0 -1
-257742,946601287 688304,301392132 0 -1
-89984,0596553358 232666,963811249 0 -1
139377,509327136 290095,230748782 0 -1
126661,762554556 -62307,3902785887 0 -1
78906,8584000444 104233,572463627 0 -1
-32159,9725942574 519806,809992404 0 -1
-467208,143116015 685064,67101639 0 -1
177525,873492694 203683,412837886 0 -1
636260,830092035 16028,8703765785 0 -1
-17619,1617514394 -548203,81024166 0 -1
70213,7602413486 -240679,237385841 0 -1
-536205,771268609 -63462,3742650544 0 -1
597627,777059064 -258309,149600457 0 -1
-371368,293813041 59998,2214782048 0 -1
15306,9757478768 13668,6989737035 0 -1
-561254,991913692 -22329,2428792386 0 -1
-65023,3566392545 92545,5081714003 0 -1
-7107,97694985102 180680,418657994 0 -1
-9500,3380023699 503275,097755129 0 -1
1970,59845520211 178158,96736461 0 -1
166974,377366786 186719,638972375 0 -1
159021,603286891 -174240,105607612 0 -1
465050,298349395 -3982,90346229165 0 -1
576434,876176779 -119115,504812842 0 -1
315998,06612849 -116924,628691932 0 -1
64107,8798905778 184804,108826083 0 -1
758773,790826538 2733,54913165492 0 -1
267652,997666166 -112031,06713799 0 -1
-672,481124531702 95671,5613336854 0 -1
-236638,386727541 126609,941099484 0 -1
225875,440063802 -411921,547436164 0 -1
197223,490040838 62533,0048805457 0 -1
12454,0344733885 -53781,6614306493 0 -1
129023,181587895 84495,8715650699 0 -1
-160563,166453431 -82010,7795372283 0 -1
86374,9883664935 46547,3901550571 0 -1
-583782,450714285 553324,763065204 0 -1
-543065,498335432 156247,247914204 0 -1
135089,906982337 496683,171846965 0 -1
448669,012568979 511645,347597582 0 -1
-226633,556018186 -57718,2945028792 0 -1
74638,7419127593 591973,094270587 0 -1
-9359,3869041332 -352741,280421677 0 -1
-620125,387174814 87693,674880985 0 -1
-55010,2309397237 334598,941944144 0 -1
48485,2186225388 594303,587661807 0 -1
-128658,668043861 -160078,519913374 0 -1
872855,039660133 185505,710969688 0 -1
-238522,05828175 -319964,305157291 0 -1
189476,579921174 -107955,39628892 0 -1
195841,157627497 -34093,0462598638 0 -1
343814,093722066 -3266,01669040509 0 -1
56434,6959354517 -214883,134469934 0 -1
-88084,3471782908 -262212,21428098 0 -1
-292651,59201874 -572792,989942201 0 -1
-575273,702370962 157242,002045696 0 -1
-263833,310835297 3361,87338263862 0 -1
52352,8126087844 58849,039643711 0 -1
439134,91604679 220522,445773323 0 -1
-102850,906092887 458977,986394881 0 -1
-55641,083861901 338510,159263496 0 -1
19281,9766607648 -55865,057789845 0 -1
57552,5065491984 -979990,566790625 0 -1
-426701,225179321 272010,573826356 0 -1
99964,918257622 489025,403052557 0 -1
-35419,1419845289 55930,0651375656 0 -1
-67515,5727058768 142609,602806633 0 -1
-370373,459062549 366921,475073318 0 -1
543747,070354157 367863,348293551 0 -1
666301,476854226 206244,234559849 0 -1
4793,88022571005 621928,8600878 0 -1
-463984,366229727 242467,091739887 0 -1
419212,970887596 322365,336635516 0 -1
-71060,9392035841 -58177,7081271707 0 -1
18383,8935695607 -36285,3141540779 0 -1
-58487,5900893833 715721,918771971 0 -1
339344,007180299 -421411,225815241 0 -1
609405,902728005 -29092,65434715 0 -1
414103,941667059 -17489,3085660447 0 -1
-306454,997583672 -314173,46497273 0 -1
-306228,822755267 -372669,115719981 0 -1
271275,987750197 -107091,168707839 0 -1
-133101,503272249 -124845,813857922 0 -1
-133044,214344456 291215,797813004 0 -1
-21120,4419535447 -579634,608312528 0 -1
295333,710862101 -3020,06836927499 0 -1
47099,0083440435 231147,515569449 0 -1
95934,6074767143 597827,160157034 0 -1
-749399,890385443 -575286,049936566 0 -1
127385,880419173 313360,652239472 0 -1
-161297,941298564 -195064,098726407 0 -1
66880,1741932697 -78367,5125954144 0 -1
329468,764602288 89311,0416442636 0 -1
69934,3041525624 331220,629705705 0 -1
-166625,78412856 589239,967075735 0 -1
50994,0486568557 -162698,826526298 0 -1
258895,190804638 4523,90449656728 0 -1
11910,5924577772 -9959,25671392924 0 -1
-238959,23779878 134737,843658623 0 -1
-24247,2521468332 -4128,80897571557 0 -1
239053,424076873 471701,282947813 0 -1
-43840,9030479025 -236331,669560736 0 -1
-232475,290685629 81722,7978934929 0 -1
-246074,758987403 -108681,221847089 0 -1
-716448,302459346 -390,940421760986 0 -1
-219601,132924795 183617,367505596 0 -1
-9808,61122200667 29595,0414565294 0 -1
108362,25903451 -426678,633493869 0 -1
375789,751600173 -560445,544450861 0 -1
-193900,727659301 52814,1367673679 0 -1
-509213,185096721 -68472,4418276252 0 -1
196681,06267684 273077,236621636 0 -1
12330,3195390097 -6261,95016294995 0 -1
180647,782975963 405752,185792021 0 -1
207760,343002089 -348633,054505747 0 -1
112899,468750503 25839,9329623971 0 -1
-460555,825501419 483844,807678528 0 -1
5974,66910652475 694987,403890527 0 -1
-267034,79342595 280938,757480061 0 -1
103458,779056382 490026,167456229 0 -1
236552,221996786 16944,5372184573 0 -1
216901,494484684 -129913,075171648 0 -1
331603,068001888 -594227,600933738 0 -1
810706,41074744 -186739,003518573 0 -1
-131616,290708835 -31628,2253900041 0 -1
149616,392470949 310673,000746638 0 -1
88161,9143634713 -60918,2923012796 0 -1
87137,5136897953 -134790,498736506 0 -1
-84079,4386841778 -145059,083342203 0 -1
169249,658369746 -67279,5381171273 0 -1
-229505,601435724 94262,2335157773 0 -1
48467,646433391 194538,619240946 0 -1
808789,776804745 -163075,042376386 0 -1
7232,44512809089 236472,252814124 0 -1
11929,0292035309 601611,524784209 0 -1
-332472,924143502 193861,224949125 0 -1
-726888,431202812 -43940,6259483027 0 -1
56181,159986178 -500286,666204416 0 -1
392816,38603566 181146,609537064 0 -1
-13103,6114665799 120457,769745205 0 -1
66308,4236653556 -257360,560499805 0 -1
834238,369230185 350135,025477177 0 -1
525405,829983789 70668,9461061856 0 -1
23303,575184929 -301584,330036736 0 -1
840588,743947871 -2395,01191971778 0 -1
119884,851087338 262840,764910382 0 -1
135642,725134363 159099,953492545 0 -1
-254799,261149268 -98422,6900358874 0 -1
-55269,3810077409 -218846,442289891 0 -1
206072,756933816 92354,1492376105 0 -1
-720230,121227329 -12421,8400159291 0 -1
128817,147296809 -125730,94307631 0 -1
96709,5757549841 -51371,9124344419 0 -1
-171679,250676408 319447,489393733 0 -1
-89616,9176650857 -346778,874705731 0 -1
-404213,810565236 -2969,69668541089 0 -1
2593,44975743138 -82596,6579966008 0 -1
-145586,589134335 46462,9452385003 0 -1
-534105,169907563 688328,971961666 0 -1
-530563,256684001 -108325,861837915 0 -1
-186690,887522449 -391784,715790145 0 -1
419594,131846185 412501,426766393 0 -1
-57045,4217442257 50513,0591299744 0 -1
68031,0872648452 95059,5755762428 0 -1
-249065,524789792 23893,6911444337 0 -1
-66076,08780819 695487,180404722 0 -1
133291,515369323 -154522,06947476 0 -1
26990,6547918937 -203114,04758435 0 -1
-1169,00091394922 -6678,57651439708 0 -1
374417,748016877 476383,406988185 0 -1
171383,120452353 398025,680691656 0 -1
597066,509768756 -1206,31418280597 0 -1
-676387,579179699 -26456,9728648146 0 -1
-875396,874067908 33554,4674200287 0 -1
-130957,291962974 -530044,214462735 0 -1
-172902,038659349 -294248,004398483 0 -1
-5875,837909487 249931,19246228 0 -1
601669,19538403 -126781,11893327 0 -1
-598422,847827726 43231,2348874431 0 -1
-38187,3071347714 46968,7945882458 0 -1
210546,158896814 -379766,202776094 0 -1
21954,8637742511 230159,811892414 0 -1
-316372,216777402 127150,805190442 0 -1
134291,815538246 86176,5494270523 0 -1
-82291,9096308001 98420,2717504815 0 -1
703590,574270683 -134711,239305436 0 -1
-119006,428141727 -198920,87554893 0 -1
-40017,2806894003 73559,8013556114 0 -1
104539,079917283 1121,78145138537 0 -1
-192058,252388095 77984,4488365154 0 -1
-138303,347043462 116405,377500249 0 -1
-30233,7261149631 383120,321253351 0 -1
237776,08522177 -395212,361901401 0 -1
142945,794974735 -56698,3240493915 0 -1
-59662,8603133107 -97383,9179270011 0 -1
230998,747692704 747931,411525355 0 -1
155787,683304761 481451,855664224 0 -1
98294,7159340813 -94496,560235143 0 -1
89052,1210073741 298462,238165428 0 -1
-417510,342673803 -374322,94367155 0 -1
-304256,285113406 -18056,7483751405 0 -1
670841,58063823 166186,298849008 0 -1
344511,720890384 28857,5575191633 0 -1
33847,1406428279 -317709,260940206 0 -1
-396017,218053707 480241,690204619 0 -1
-399789,091315412 -178034,36284484 0 -1
-130411,239003435 -45515,867874002 0 -1
-314958,150720476 335627,116484098 0 -1
-39598,7165213934 23976,4598917172 0 -1
660469,242108346 523448,05450157 0 -1
74479,6603029629 -3092,72667413937 0 -1
65820,6892747528 -193888,999750715 0 -1
-700467,219404941 -65333,5702389938 0 -1
205330,21063766 -231010,845329648 0 -1
-66064,4362069063 -675060,423018361 0 -1
-157792,456175043 11465,6708961957 0 -1
172102,914823891 734005,471275288 0 -1
39341,0056485669 438260,081238013 0 -1
-716512,157452617 114914,113859157 0 -1
134063,593822216 131686,099746083 0 -1
540537,696991434 -259744,257462914 0 -1
-493179,863443287 153712,027536691 0 -1
200473,738069833 -590143,411526291 0 -1
433708,194540788 119954,708414686 0 -1
124319,173911051 -102015,877402353 0 -1
-382682,122036064 -112284,632664389 0 -1
658676,59550445 -505127,100555986 0 -1
-55922,4221673545 -406,159100375212 0 -1
16476,1390564666 499574,362758832 0 -1
-60359,3432093581 -53968,035870472 0 -1
165957,149571552 195981,979098331 0 -1
144847,569803415 64127,2910544943 0 -1
-224041,033088062 13629,6261003449 0 -1
228021,683221659 164873,833713119 0 -1
546731,543778212 -4891,18601408796 0 -1
-225193,56341612 -436126,330270313 0 -1
44343,9851786308 -339560,048456529 0 -1
123933,332914876 -332791,288043429 0 -1
-21262,2701492674 -152923,531063366 0 -1
321117,267133532 -277288,88385947 0 -1
-49003,4206216035 21909,9407001608 0 -1
-112044,383291939 -203706,979193634 0 -1
-232223,950621145 164810,555086038 0 -1
71812,3291645266 127731,972807665 0 -1
769590,691930303 69839,0808497682 0 -1
128890,065085883 -59472,8438832396 0 -1
-59324,4315461188 190744,514700361 0 -1
641872,707789097 3675,68956149122 0 -1
333955,726426163 181157,226541442 0 -1
196226,742487185 79564,983638816 0 -1
871661,022684565 -115413,984364389 0 -1
-127894,554545827 100094,01790831 0 -1
-39690,2967447835 821336,925204296 0 -1
-317051,803777313 26641,9743682695 0 -1
495551,645854326 72005,9610452857 0 -1
234169,450498908 -88605,0274233702 0 -1
-479362,612279287 288598,240933966 0 -1
-240853,375692536 -307544,329170503 0 -1
-113722,635749822 34227,2964233525 0 -1
718359,370321373 234564,567637408 0 -1
6659,74284498754 -267635,166649321 0 -1
551699,786318314 107511,400552201 0 -1
-454502,33070353 -98809,0348548582 0 -1
19490,446437739 60697,643267473 0 -1
53707,2905591723 -601468,207178919 0 -1
-732830,418334555 831359,334032284 0 -1
214797,660187382 237244,730965201 0 -1
286271,875137507 -518087,534730088 0 -1
67373,3022643036 137300,699901939 0 -1
-549535,34824135 68818,2502036208 0 -1
370992,916663758 159817,547933694 0 -1
-547703,349738579 -476688,263078835 0 -1
78874,1737856763 4629,201156512 0 -1
738038,778384805 114304,885170992 0 -1
-124082,744038681 318743,53984344 0 -1
-698206,13003883 -108169,567909917 0 -1
47497,5537560403 -116020,079369711 0 -1
78889,5664796203 -144986,93047449 0 -1
-363682,274176089 375490,030564644 0 -1
-344238,369834522 227395,401761327 0 -1
-729692,409513223 -173578,028319851 0 -1
-122770,483303096 -847609,595521593 0 -1
-8937,89045894513 -600975,514780871 0 -1
917851,483011179 -7895,77263262298 0 -1
-19292,5872614657 725193,985209703 0 -1
166856,360733421 -509305,507085063 0 -1
494079,137636826 190856,431363628 0 -1
-26344,4474395404 84389,6884559955 0 -1
548240,154887707 37001,7852012956 0 -1
23826,2722811933 74990,5087710496 0 -1
-130913,899670871 732732,843671813 0 -1
-607834,727232938 164988,185796504 0 -1
-389984,119587392 -10258,0125332819 0 -1
82250,8903436842 -107687,907946562 0 -1
516935,708143864 104087,019906417 0 -1
-392473,049048206 308114,387850023 0 -1
-29793,1302778465 113531,034364966 0 -1
-28825,5029076438 5762,23428067622 0 -1
-67427,4001692475 -6947,71659158017 0 -1
118295,823022862 -13824,5497365485 0 -1
514974,309018058 309699,239115096 0 -1
63821,959675393 -12784,7999352146 0 -1
-3823,42469922426 -91474,9979361999 0 -1
-136101,432786661 -353636,516683705 0 -1
69031,9394821305 -185384,684991527 0 -1
515994,33223013 117657,03004605 0 -1
-115830,536440025 13050,2360557715 0 -1
-43598,918439405 2212,37975620682 0 -1
-138690,541434341 -133237,558629594 0 -1
329325,052617698 765360,527855866 0 -1
576134,985450955 36987,2793331911 0 -1
286619,549062477 139260,86253482 0 -1
-284048,826168309 84827,4528592282 0 -1
309978,16772135 -170024,134158084 0 -1
364880,476162264 -279674,116065448 0 -1
130870,692160599 163443,353773839 0 -1
428183,04892875 -235519,135585755 0 -1
390183,74675212 21571,4118699 0 -1
84646,6829237746 -93538,7247494802 0 -1
733208,050602859 -27091,0738914111 0 -1
-146848,669962738 133251,729692643 0 -1
-5816,68274908638 562506,23523015 0 -1
-30943,3125874481 835071,256410567 0 -1
3037,92297766261 -266594,769966981 0 -1
-253727,389571216 -277014,999515339 0 -1
-7972,88815570152 -348987,673417231 0 -1
-304836,262661036 165520,241714094 0 -1
-4612,68352587506 -338782,582124577 0 -1
-137357,933953085 171469,115254929 0 -1
73236,3231706388 449883,820812804 0 -1
455260,029656384 -275575,499767629 0 -1
136938,244834094 1066,48178301681 0 -1
-346934,185331282 -631226,581816962 0 -1
-59894,1894507945 -120609,562948621 0 -1
-445563,975631638 -675089,00589377 0 -1
-19907,3347184795 -66312,8938882714 0 -1
1872,5783831396 199949,684054299 0 -1
22445,7719701164 683906,718841082 0 -1
-132015,196247369 7172,80705744531 0 -1
448250,365535185 -262477,428300864 0 -1
-647889,905654108 -814,467076679909 0 -1
-562667,125548728 -38027,6587155041 0 -1
46583,3062378034 691501,268207674 0 -1
-535206,789785499 -435723,167486199 0 -1
-36488,1259298213 540996,838669752 0 -1
-418791,65896086 -20383,9624134423 0 -1
1762,4266723089 -347575,430489536 0 -1
433026,345470877 -424923,004934164 0 -1
145590,976588486 566868,43906434 0 -1
-246070,997139479 -85237,5506504334 0 -1
46811,5465724555 -99134,7350979293 0 -1
-173634,571849026 -2501,64884582006 0 -1
110537,79370304 725331,536645196 0 -1
94112,7353237577 -126666,306710928 0 -1
-57353,0649383189 -1976,35653765004 0 -1
-143612,959903155 -484258,856526828 0 -1
54711,0774035403 -442215,792995724 0 -1
-241537,001258597 -183974,419309764 0 -1
560119,168826323 -262987,446091644 0 -1
-356235,716519881 259216,3189434 0 -1
491931,151553345 -356816,200710035 0 -1
-271685,879261508 -707705,314092663 0 -1
-191158,979492406 -145528,326800058 0 -1
322614,700302626 346944,547563762 0 -1
524701,447289345 -426052,295680621 0 -1
-737828,241908027 -136362,447756422 0 -1
183249,532226942 -706303,036666279 0 -1
10743,9436080232 -303277,070122705 0 -1
-114425,544614419 558211,788695863 0 -1
350520,014831477 -25119,5823488457 0 -1
-125721,753122386 -230935,302785744 0 -1
311938,787136303 283694,648864053 0 -1
-268212,1274934 4785,97987011819 0 -1
-55827,9925868045 -552093,85695704 0 -1
32517,716028855 -164487,613585735 0 -1
-158885,890308583 -47383,7897141808 0 -1
-470703,58469377 321316,059421772 0 -1
-14828,8609362994 113201,363866702 0 -1
-94880,3421446208 431619,366553921 0 -1
62330,4534414743 -65267,8543804539 0 -1
-179133,48666441 92878,1008804189 0 -1
10043,8420310891 33238,0034408728 0 -1
-68130,685011274 -65439,686474644 0 -1
-269345,210425692 733380,780089631 0 -1
78119,9173449575 94518,3719141606 0 -1
53848,8849737602 871092,971343657 0 -1
-124849,528614412 150462,695722135 0 -1
-69773,4991190096 -280628,839028243 0 -1
-427119,259659645 39982,7572289769 0 -1
47478,6826585413 294251,377132144 0 -1
529699,144390765 106262,015912315 0 -1
-748684,396671891 622029,017561438 0 -1
934871,502925712 -299597,963942396 0 -1
93886,3551465149 149740,186103866 0 -1
222403,253188489 135263,609907172 0 -1
-128432,212434398 385259,327368214 0 -1
51553,6005491473 287510,031801264 0 -1
-294767,616308711 -615291,58799922 0 -1
-15069,6641833869 -7141,73025534569 0 -1
45274,9571352466 302569,874488463 0 -1
69749,33432613 -150979,691037229 0 -1
-686230,055522979 -134202,680080329 0 -1
286883,142852044 -916873,85368026 0 -1
-301807,01604671 187443,591695774 0 -1
634765,898997656 308465,333904388 0 -1
-358691,791245307 438356,667513517 0 -1
431360,910505267 239819,898516657 0 -1
359963,792612632 17100,4736829947 0 -1
385516,960782822 101743,016873707 0 -1
-336011,755353521 180463,209897527 0 -1
-541328,305457359 38291,9002713016 0 -1
-30748,9092114679 -53045,5278354685 0 -1
820418,667272701 -412065,525067116 0 -1
752620,748050891 -32561,9820507262 0 -1
-573732,701585548 -100267,246836432 0 -1
-712757,748916967 -2332,57142352991 0 -1
415622,788837113 -609191,396180881 0 -1
177980,617252586 18532,5130387524 0 -1
-391047,871091594 270307,802196752 0 -1
117442,546346912 -262385,146005249 0 -1
-928125,547207319 -373678,595571833 0 -1
409406,610290982 -12105,5489030488 0 -1
-375460,59218897 -111083,583101208 0 -1
868105,352258586 212011,13615275 0 -1
-242378,441135754 318273,073544717 0 -1
-755729,260400812 -560809,394052834 0 -1
-267664,503867362 -13837,6144184715 0 -1
-945905,268627674 -498641,771861225 0 -1
-216859,833040449 25423,5890393032 0 -1
-67785,5298934428 -274465,767434188 0 -1
33147,7517246696 57218,9302707785 0 -1
87261,9141851486 15075,8143234792 0 -1
-377765,811461891 -294264,343012536 0 -1
-8667,55694248367 170594,267010863 0 -1
319937,73389819 366,986743290903 0 -1
19364,0439413921 139778,307708915 0 -1
-202817,033278185 -324944,628070347 0 -1
-282918,512627119 626825,599551768 0 -1
-148022,544350719 18774,3188202411 0 -1
-468152,409721551 146244,184496577 0 -1
-31401,548764467 495864,681264536 0 -1
624970,36889128 133722,346054603 0 -1
150182,953337079 -400815,037158967 0 -1
305623,569016307 -590343,797020369 0 -1
-389761,495339537 -347158,961122929 0 -1
-111463,805097381 -385314,436249111 0 -1
21917,9051444856 -591308,015281271 0 -1
6664,26965560637 -37497,922389572 0 -1
115053,444249904 368736,008473665 0 -1
-334809,031922941 -198190,007455593 0 -1
358372,532398623 406057,055925876 0 -1
-6468,33811195397 368253,337113726 0 -1
-547033,428720461 610810,784277582 0 -1
151105,865437561 -41948,1242149827 0 -1
-520849,131070363 -438994,448783857 0 -1
258522,942916443 433881,998085589 0 -1
-52561,0005295654 -311356,140172899 0 -1
-15642,016080414 144963,812255029 0 -1
-440602,965542873 81253,1894616472 0 -1
-37420,3309636974 477619,287787404 0 -1
119743,180647698 430054,962282596 0 -1
-279690,969446705 -52242,3784262372 0 -1
-473225,441118567 54361,4110650678 0 -1
-116273,478359354 496886,761593881 0 -1
-909146,97255644 -7724,67793246157 0 -1
45616,7031745132 -114035,302037269 0 -1
-214102,033564299 1278,56068206186 0 -1
481210,31157912 322058,663607264 0 -1
62326,1357990755 186881,719366209 0 -1
-41988,5551745093 54658,0966727166 0 -1
33816,8314644549 -87895,6425643822 0 -1
39180,0911209756 -229143,222601064 0 -1
614240,021951184 -274315,851623122 0 -1
289430,498643648 252139,737591525 0 -1
140338,468381563 139000,286940897 0 -1
142590,239317568 -15757,1749147853 0 -1
-582169,040918414 -858015,958780008 0 -1
-351954,13647668 806616,773397772 0 -1
-213690,874046913 -278814,669605769 0 -1
189508,65912353 24858,2273028652 0 -1
-176715,057487632 -733083,83355573 0 -1
175319,101661805 -463190,82799926 0 -1
83605,7037128758 -24119,2577516778 0 -1
-5538,73017903731 -88712,8609358859 0 -1
40358,1699289541 96926,6249544665 0 -1
-269824,335724723 -202036,111038903 0 -1
134578,873657188 -185142,846181914 0 -1
186,396813257782 201647,659503649 0 -1
60550,6440713697 77211,5440946424 0 -1
-253389,846517351 -184977,000028791 0 -1
-6041,86314170429 -813582,242053954 0 -1
65982,2895556783 14248,5195309233 0 -1
747879,967408352 -277595,664659799 0 -1
-300880,770537109 -702272,105008229 0 -1
552596,269192962 -541201,976537873 0 -1
-747099,385953621 -441243,508053033 0 -1
-200326,29426247 -441400,959006785 0 -1
-64338,3061839022 -40360,6027590686 0 -1
608425,429547665 474841,360367 0 -1
-204325,564284186 120649,675557485 0 -1
9369,87523550069 -212528,937402793 0 -1
356416,404007011 -154875,874175178 0 -1
-129772,407436581 24546,8149414062 0 -1
-110053,409398227 265195,90221375 0 -1
-183128,972749221 374419,238359683 0 -1
371426,483078677 3854,56616803751 0 -1
8953,13550125115 15745,6810161214 0 -1
-3598,24636148393 147024,022333805 0 -1
-249778,313026984 -41526,1928034039 0 -1
42312,0551671358 -483879,056637907 0 -1
-16209,4338408343 52788,8266269857 0 -1
-86763,950671589 34376,555621444 0 -1
-152633,656185903 9632,12647639547 0 -1
123530,877036085 37802,1325116559 0 -1
-108486,913034416 -543918,202361764 0 -1
-26475,0216884217 37373,4643049601 0 -1
-723823,926224408 20661,1119382983 0 -1
318023,942103325 -406194,00744206 0 -1
-176524,114675758 72310,9491823613 0 -1
-857825,65171825 146433,863050011 0 -1
-71155,2815939147 -272030,153061441 0 -1
147049,581176787 -109221,111413299 0 -1
-404817,156409077 82322,6858500902 0 -1
-46654,0772774686 2796,21251219474 0 -1
-215622,714564988 108735,297251042 0 -1
-447202,605775144 -115654,4803312 0 -1
-175172,620044189 258061,991650281 0 -1
-41622,2984426014 352457,717159548 0 -1
101595,667478337 -223462,770474005 0 -1
-460397,941184714 -48741,138853855 0 -1
387912,152147949 545988,447538013 0 -1
818998,508517036 -732062,91990123 0 -1
208147,937809784 30336,4967851138 0 -1
-24044,6376214012 675586,31766056 0 -1
-481580,645567308 -272864,577850518 0 -1
289888,790034643 42117,1319732289 0 -1
329041,924469329 -25613,1253758264 0 -1
-887053,368031361 -714774,948068649 0 -1
-98214,932445127 82133,2461073376 0 -1
184766,534911462 -4333,64142505063 0 -1
-57584,5185125943 204952,302937709 0 -1
130339,253349075 -662718,504871803 0 -1
-138982,943220686 29431,8020185194 0 -1
-25536,9071731614 141805,576975715 0 -1
362187,938889115 353267,432113075 0 -1
-128229,157150221 430572,952775058 0 -1
-98571,9019034183 44707,4972059594 0 -1
9849,76904404991 -218109,164447446 0 -1
-754566,005457377 -408318,615460414 0 -1
-688733,95912986 -88917,7332429107 0 -1
-261935,428415157 503631,816948825 0 -1
-123482,478283744 -75689,2253132282 0 -1
-131781,104987233 648933,305898799 0 -1
568443,738943783 288382,180945381 0 -1
-287999,477613641 -41983,7463386803 0 -1
444882,846210734 -40521,3015383954 0 -1
-56227,1427675687 -94443,7181273493 0 -1
153566,142877004 -626989,188098607 0 -1
-57561,1008285718 -251331,818981964 0 -1
122454,083709274 -180716,303418527 0 -1
-299615,61819386 172044,496490767 0 -1
-70379,9227849012 49298,3170750715 0 -1
759078,464939657 -106405,923857916 0 -1
-164105,117536909 358211,139192905 0 -1
206916,962720423 -13394,7987634366 0 -1
-610257,865269606 -109458,270376203 0 -1
-619622,717849325 75570,438945282 0 -1
21495,7650122604 -94,2938979912055 0 -1
-86714,3571056586 49054,3634737564 0 -1
550864,43203992 237906,984283808 0 -1
-17070,9092580159 -4351,85066857229 0 -1
729428,004239367 165246,145483423 0 -1
-190756,838106368 -50967,972470263 0 -1
26361,4817384479 90030,41970942 0 -1
223144,5891142 -452095,194021819 0 -1
598603,540085165 238833,490213232 0 -1
-53524,4253622086 443105,062051157 0 -1
420190,556975209 394664,253835026 0 -1
-432141,70895705 712180,672505924 0 -1
-10922,1909168713 -146083,331184128 0 -1
-230918,532445523 -346600,148168135 0 -1
-277180,253133979 -770,152014075849 0 -1
362583,667402164 25005,5420661818 0 -1
164726,212730002 457315,431638605 0 -1
64706,8073252057 595551,1704863 0 -1
-730968,953948152 -666192,523592413 0 -1
308006,560118765 696809,638937818 0 -1
-377548,809698319 450770,497095526 0 -1
199288,64396005 -74009,9266104018 0 -1
281531,306386901 151993,938641684 0 -1
106788,935363764 190016,05169595 0 -1
-607129,316470862 3930,39160328749 0 -1
177629,917353187 -89333,3281467894 0 -1
426673,244292921 -295284,311073762 0 -1
212156,29605236 676133,073272469 0 -1
91645,5988871369 -227776,295085919 0 -1
119389,927943647 -70271,9938113838 0 -1
-771496,945897671 468007,963358728 0 -1
-46223,181022924 -417612,738073909 0 -1
-369236,46338076 7056,0052466048 0 -1
267015,706256836 -467495,859744638 0 -1
-4077,57688012141 104345,939787336 0 -1
140380,188839512 -14072,3653036083 0 -1
633266,04008347 -45218,5719714586 0 -1
-141771,472167977 282542,827878377 0 -1
53761,8133081458 805262,662717223 0 -1
60624,0779252695 338465,855242086 0 -1
-254320,028809614 -46841,0119894384 0 -1
-810416,970520996 -492775,917693782 0 -1
-112567,998565386 -462810,362626326 0 -1
107658,807304026 59467,4490023942 0 -1
-84139,8710219245 212661,580180308 0 -1
55269,9506312702 -299300,158785926 0 -1
76594,6672346232 2062,00951908809 0 -1
270769,856629789 -192100,069738757 0 -1
-284740,825607939 63133,2861047021 0 -1
-35539,3130591015 -51393,6838905731 0 -1
104858,146583748 18498,8213819251 0 -1
-113996,761826081 -95729,3019827331 0 -1
531343,142063317 -99382,3322277499 0 -1
277157,340118647 -135871,356987406 0 -1
-259998,351205649 -224901,082390785 0 -1
-10644,6985597036 658245,877473473 0 -1
570753,826999116 -89879,6235094329 0 -1
-341195,337598268 96814,2000326673 0 -1
262514,238993718 153783,286603953 0 -1
-107679,042319865 -14969,3020606103 0 -1
36059,9945217371 -182850,660913475 0 -1
407902,71172065 187141,93155856 0 -1
322240,292560289 691030,434359796 0 -1
189779,689482374 244877,097516061 0 -1
254179,124057458 -636111,516464516 0 -1
-196011,507841426 -192733,707705838 0 -1
121105,607256643 -112245,598465237 0 -1
166730,681186435 696860,397157172 0 -1
897984,384334183 -236629,103241532 0 -1
379714,513331601 -424733,245937234 0 -1
258047,366862096 -27346,36463244 0 -1
297296,908292944 -316229,377795505 0 -1
-150230,901688581 168320,425078643 0 -1
-425744,305074644 -125297,629470096 0 -1
437196,588805124 122286,544546841 0 -1
-114146,161540628 -223087,702536503 0 -1
721630,027629883 -22907,1021553861 0 -1
-320881,149037315 47945,5874768047 0 -1
301180,221482486 333477,735093089 0 -1
438140,293548589 411348,511166968 0 -1
-452834,788032812 -343414,67470787 0 -1
-297285,366125656 91106,0046875784 0 -1
46607,7368856164 -1603,77363590513 0 -1
418441,271644661 -437110,325141545 0 -1
408910,277141228 4996,26354735729 0 -1
118262,900394279 -199402,357895388 0 -1
-70278,2194628516 292805,044188092 0 -1
-528398,295254331 569382,384590909 0 -1
822709,277508259 -105451,548635787 0 -1
-318412,275034102 324912,65376261 0 -1
-490497,831338086 -27537,3855229986 0 -1
565636,268577509 -197079,796775428 0 -1
-10195,2873855016 172080,513409548 0 -1
-5096,89531939332 14411,8019196502 0 -1
-172316,018818 -539085,831647511 0 -1
21464,278320253 -664792,037542922 0 -1
234390,841205269 -79028,0539906565 0 -1
-364935,371067431 -516280,195949104 0 -1
442287,241376337 16429,1707412867 0 -1
230404,718598131 257920,333883572 0 -1
-82998,5057926264 -573962,315660249 0 -1
232096,113721955 76873,5679015245 0 -1
-391660,324687767 -205051,118428032 0 -1
233624,508762939 87424,246220891 0 -1
154287,577843369 302579,863746581 0 -1
4440,4505936878 -33426,8778424104 0 -1
829369,334246616 -9935,09110421459 0 -1
-55988,5983702222 -169379,876399368 0 -1
141548,78644852 -160525,410123221 0 -1
187352,973962345 -50491,4433535172 0 -1
-124562,739782581 -533432,739474221 0 -1
-382612,143883085 -442612,122269468 0 -1
-323724,1406388 -2134,09209115388 0 -1
180147,327247405 -160153,45117393 0 -1
-73122,2150611846 691751,748910267 0 -1
-120039,534693446 4446,95909678841 0 -1
-699716,120204207 692105,465195363 0 -1
-469139,280808729 -211550,270835761 0 -1
-353330,471009131 -138611,80531754 0 -1
577720,569059659 -484036,529589819 0 -1
31061,8197233914 -10590,9810153842 0 -1
-139533,988108673 337961,003497072 0 -1
700911,550997916 -713849,859440681 0 -1
-243423,043295216 860625,019888011 0 -1
195761,195038934 52460,1413063249 0 -1
-41099,6424379175 -176095,119809184 0 -1
-53706,6566050181 683042,388171382 0 -1
810769,38770035 -159512,362284745 0 -1
-380091,342219917 43690,1482898533 0 -1
390254,728100621 -617812,181987328 0 -1
388524,252842921 191216,310917679 0 -1
92833,6423097205 -555494,58686369 0 -1
288629,972630228 116469,990880985 0 -1
-771195,941719612 -538510,796543695 0 -1
320843,321767301 72234,4851325548 0 -1
-178022,643500568 12129,8490136507 0 -1
-58282,5897578604 312632,266252983 0 -1
454230,104743552 137228,405954035 0 -1
233223,969355322 -1091,66736282579 0 -1
-8089,73372951417 582035,635532223 0 -1
77645,2996502469 -349268,593384833 0 -1
-121737,019751641 47745,2392868024 0 -1
-30674,0194381299 -38029,7130570187 0 -1
1452,99779271195 -23878,9923105123 0 -1
489548,484250188 116631,852165005 0 -1
175168,917069922 -901941,643249815 0 -1
-47067,9474971462 28197,8557547954 0 -1
-5264,24187932128 -469952,860027292 0 -1
62400,1345903166 -209615,011571534 0 -1
16974,8030615937 274955,31271974 0 -1
291311,598969485 -43566,6142293567 0 -1
65467,2995229509 -29500,7056343289 0 -1
-40083,7736562606 -530535,540771896 0 -1
-607332,988748966 584012,696263951 0 -1
-211214,933342034 -405572,615697148 0 -1
60963,5577974271 167860,862683471 0 -1
555841,801471528 -250866,802883393 0 -1
77083,4623791666 -6424,2726913473 0 -1
285706,265654229 -173645,277808978 0 -1
253055,35160404 -151747,524289935 0 -1
-641916,21935952 207714,073033634 0 -1
341786,568080098 28053,0987108155 0 -1
-382699,193141596 -215495,396358208 0 -1
512966,78555086 204850,69789416 0 -1
26771,6006745522 388249,117327221 0 -1
96043,1123231189 156762,043881394 0 -1
124906,540010327 -439352,797720105 0 -1
-29002,7032038675 414486,964475505 0 -1
323458,549790778 -249685,341250124 0 -1
34836,464666947 -191628,47780995 0 -1
-164680,575470735 -33636,8085976424 0 -1
75026,0065602083 125263,161820817 0 -1
627274,642467703 412094,515658659 0 -1
140245,582939 -217903,56313007 0 -1
-422645,582632832 161052,616297027 0 -1
-43458,8145918519 153006,026092359 0 -1
233748,201751941 30271,4885232884 0 -1
-26146,2657983188 43676,9007457927 0 -1
140972,715446936 282499,828849342 0 -1
-47544,3031981444 -132259,702402707 0 -1
143775,008809901 109865,963126896 0 -1
74653,005351021 -329264,848825063 0 -1
-15147,0290141269 57556,9000984006 0 -1
568982,330490299 -545215,584812157 0 -1
62788,2109194073 75694,3958232302 0 -1
32722,9607811398 -845631,938846387 0 -1
466775,674746237 232310,944697758 0 -1
161240,789776161 406007,587276853 0 -1
-47764,9070956227 487545,878664699 0 -1
117686,471529883 358746,977014167 0 -1
-16228,7534060859 -92295,8505354276 0 -1
172,235932154691 -82725,9227913026 0 -1
972260,446966619 387128,767226339 0 -1
11552,4112016323 354418,259211879 0 -1
459226,805427993 783407,925538145 0 -1
-122733,914333346 359384,881879781 0 -1
-433217,873196778 444283,036115684 0 -1
390574,761190626 -220068,909266707 0 -1
-21769,7991775325 362832,591356285 0 -1
-798426,963707736 -242775,168229648 0 -1
127960,139179992 -35562,3173143842 0 -1
170028,766788637 102435,789847643 0 -1
-518444,94654535 330487,947470489 0 -1
-786464,35932359 -537903,945087084 0 -1
-128795,675933 520839,421297349 0 -1
-205084,58944397 -103144,878455477 0 -1
84374,5020429592 -32880,5633718942 0 -1
-464684,541386382 -342955,429164589 0 -1
-28244,4784086521 -200608,438663837 0 -1
-101937,383999018 2144,08107396731 0 -1
-530400,308339416 75713,3844572815 0 -1
450834,682015584 34391,3743134576 0 -1
61844,8475946807 -460601,660376241 0 -1
638222,250884852 30758,8746682866 0 -1
-65946,8823042409 545139,174448736 0 -1
514167,090140365 -430433,550341463 0 -1
-301651,968948255 -39809,5151562893 0 -1
-26339,9432859532 93945,1570805698 0 -1
347084,377402772 104243,90864111 0 -1
51584,9364935229 -66062,6938708973 0 -1
82700,9057745277 2807,64020423947 0 -1
29192,0578514436 -662370,234772355 0 -1
11408,3590718537 -25278,8119109277 0 -1
-143010,948311803 -52082,6903710005 0 -1
12831,6612922664 187344,861367979 0 -1
637436,234046558 243223,670672534 0 -1
-178985,237209405 37478,0299320268 0 -1
-732404,814940516 17058,6691661634 0 -1
477935,453157131 450870,860658403 0 -1
71680,3872694985 477513,795121355 0 -1
366825,313543067 -75332,5347275438 0 -1
597263,312378222 -418720,619473677 0 -1
156468,834778592 -370924,231084031 0 -1
-38932,3453899046 -14209,0475184797 0 -1
-37326,1185953096 158542,608798431 0 -1
926241,552843576 65729,560816841 0 -1
54577,4368862749 -293094,499680028 0 -1
-283727,162836566 -344496,52301457 0 -1
-223730,850205255 7329,74760933767 0 -1
-211922,221728484 37825,7665846431 0 -1
187790,09193941 -129106,776456162 0 -1
86268,0960845072 494905,573256022 0 -1
72643,0290032285 -379944,455546318 0 -1
-21694,4693050694 -5708,62401142047 0 -1
-392393,14861698 274657,510843281 0 -1
66480,5984648581 -637276,169039892 0 -1
-172771,770943513 -474374,80172349 0 -1
3882,61910508509 8035,19273157473 0 -1
-910025,670844202 556356,121386404 0 -1
92183,0937539149 208037,37395735 0 -1
20223,6635362746 313601,143100815 0 -1
204983,234833192 915009,570363811 0 -1
588894,636531754 405788,029214963 0 -1
393826,426061034 -114395,205668525 0 -1
-276991,509938203 -107816,742812969 0 -1
732772,294640925 -350750,466570791 0 -1
-32676,9013588279 -86629,4485734633 0 -1
-258333,147097348 -176067,055864439 0 -1
-254101,143007037 -111670,220098498 0 -1
337575,794098957 -266407,934832795 0 -1
84802,7473606415 816908,951967475 0 -1
-232629,43950681 -15270,2022508812 0 -1
506448,233031183 -11439,1637258535 0 -1
160233,28978945 80607,4125923549 0 -1
-170223,074327753 -297054,099113701 0 -1
-214748,548388186 5538,63988445822 0 -1
12349,7856804262 -77091,1016647942 0 -1
890030,553399599 -58796,0523733516 0 -1
-421461,677048775 106165,243609907 0 -1
300247,772123709 -144545,944510612 0 -1
174783,190643334 226207,77157005 0 -1
-20941,3083214999 187434,576582187 0 -1
202735,832227677 230256,872398333 0 -1
20119,7195838744 -32772,8276378684 0 -1
437311,518263307 -177637,480293031 0 -1
691912,653612281 -663673,209848224 0 -1
-6584,38129475544 63816,1507066624 0 -1
805173,472879737 219231,984553815 0 -1
372743,52612728 663967,819076838 0 -1
8450,57365155619 91028,1490880335 0 -1
736782,994742703 183350,800311869 0 -1
-63461,267174998 361753,295436836 0 -1
-263455,307826147 1018,70541024707 0 -1
-907652,546634401 781832,276798794 0 -1
-386817,534950099 -233680,606106483 0 -1
-397242,887586643 235401,173543145 0 -1
608599,796849346 -29918,4971232775 0 -1
333233,023098022 -144780,37892801 0 -1
-303696,72481897 4713,0453680889 0 -1
-345000,799628427 86231,3167747768 0 -1
-395924,670532895 367078,458339028 0 -1
-442631,542843688 39021,5125578942 0 -1
-6126,39842918534 205346,342897811 0 -1
140276,126044108 -194338,037860798 0 -1
-616575,829479184 78529,8920103861 0 -1
352649,51822476 157464,851382796 0 -1
-131135,451503785 23660,9703561137 0 -1
-242097,675563603 151303,053064328 0 -1
-529775,884486133 -289153,46634498 0 -1
76846,0522423107 41728,7145723406 0 -1
293753,186841189 295949,625311553 0 -1
398422,68741497 90667,8648347514 0 -1
91816,2488861025 190398,525396459 0 -1
364337,252520259 27618,7321239834 0 -1
158304,267578025 -121,732151624622 0 -1
782668,868988837 174571,871363342 0 -1
-132656,496675559 299856,086234501 0 -1
505744,713601617 255784,496868246 0 -1
-113752,735300045 -145606,424309867 0 -1
-656624,365605878 300655,672907802 0 -1
-289130,002628011 -46806,6854966538 0 -1
-309670,766148595 349017,546813854 0 -1
-199191,364540951 259706,634830733 0 -1
260804,973757791 -36308,39447389 0 -1
57051,8562121372 -271002,977195495 0 -1
17978,3309836678 -101881,783864126 0 -1
141923,935263288 427200,625059664 0 -1
-122858,467580407 -40062,0121669276 0 -1
-176186,156193999 211072,349740809 0 -1
16065,953928194 -9448,15330182861 0 -1
-457977,977424941 -42675,0404380672 0 -1
69492,4051463541 -342950,331321737 0 -1
-167849,042026539 448935,468994027 0 -1
-48114,4691308935 75144,7319336323 0 -1
-46526,3493967733 30194,8421769677 0 -1
-14573,0271869949 121181,874770667 0 -1
316867,012231553 -605887,028074423 0 -1
572596,142734861 17942,9804242118 0 -1
140051,137517878 430778,594128673 0 -1
16688,3557333873 -153359,932827086 0 -1
21462,8499914435 -172908,104651196 0 -1
-60563,8130932962 112913,308030069 0 -1
-262032,589061034 -305016,304900564 0 -1
213924,028648006 14004,6683942614 0 -1
-180049,178283187 -65442,8366042058 0 -1
497877,978380626 237990,454594316 0 -1
206109,229054979 -127960,940938697 0 -1
-517540,533327174 68544,1287379526 0 -1
77199,0897667557 70809,2512759088 0 -1
492748,09047332 298709,797656507 0 -1
-461349,292897701 8908,46525982603 0 -1
181453,853638598 -303885,300628747 0 -1
212166,820529548 243505,730686307 0 -1
166548,973276576 -4880,57536060436 0 -1
-86163,2010251252 -514848,816627894 0 -1
-294702,554270442 -70478,2244252387 0 -1
628700,300855536 -80532,1090836651 0 -1
78887,1436554604 -89717,7196134034 0 -1
-199393,045751036 -399389,402643762 0 -1
651289,736021352 -80167,0439530932 0 -1
-119332,739662767 28240,3539157288 0 -1
211986,835843001 -268980,539441166 0 -1
137606,274884566 -432504,381734247 0 -1
25471,4992096352 -283445,075894182 0 -1
-736902,299145121 -13275,7616717134 0 -1
220561,379376925 276581,662937815 0 -1
-168645,266863547 72230,5898525569 0 -1
-15511,4340050255 -391987,31811595 0 -1
344492,83775306 -112905,760694219 0 -1
736691,11216163 289478,85162027 0 -1
12830,475031133 -75014,8059027599 0 -1
-488800,868412962 -10018,0789288218 0 -1
33342,793257981 -12533,3191908399 0 -1
-144651,270342144 9818,77108299815 0 -1
89634,3954015856 -110646,057712823 0 -1
-41006,42900026 22052,5670947403 0 -1
-121504,924837721 802043,783011557 0 -1
282640,659551155 79553,1797427727 0 -1
-537313,739388494 961,143574450232 0 -1
-488174,23564938 -353483,796380071 0 -1
-383343,465791281 59335,5227753727 0 -1
24267,1282204972 -222942,616588346 0 -1
-247103,673915585 268678,94612004 0 -1
480678,457303726 -209859,494010457 0 -1
-267757,437413685 195851,607059117 0 -1
235423,663254517 217981,693391533 0 -1
39331,3708932415 329447,086681841 0 -1
364384,963876642 39114,7974004679 0 -1
281962,776561729 704101,989873524 0 -1
267043,95269975 294518,6807538 0 -1
-44898,1042085398 219854,288298974 0 -1
-48771,6969057725 -269463,600742161 0 -1
98500,4408226723 279095,412968602 0 -1
-761625,20486777 -664529,127751621 0 -1
752698,910308491 -322097,436153921 0 -1
-440810,632893395 85528,9636888886 0 -1
-37134,6357613051 348729,378655109 0 -1
129492,963348581 120526,85047845 0 -1
115391,942362747 191599,957991179 0 -1
118362,304238895 116763,594212643 0 -1
281007,969045926 286309,88098611 0 -1
211348,663925485 -84655,5890384706 0 -1
-80731,9579360718 558936,882958021 0 -1
91539,1142874859 -516600,411192116 0 -1
272941,817653042 357253,780695287 0 -1
-392169,204147272 248476,234984436 0 -1
62456,1084264406 562175,300494561 0 -1
499247,863200237 630925,922350673 0 -1
-384005,958155916 43871,5388842167 0 -1
35746,9002039283 58634,1409325465 0 -1
157179,541367468 -268966,608800307 0 -1
49079,7514626667 162094,113863478 0 -1
-150833,873431605 -202021,100696619 0 -1
-11394,9239109768 -88092,1668035445 0 -1
-46044,9027836318 523354,248267176 0 -1
-109078,946927416 -235841,355893426 0 -1
-70187,8191499653 339677,494608577 0 -1
207821,912797169 403737,87986431 0 -1
193373,838772778 377131,514584314 0 -1
55807,9150110357 544803,21585327 0 -1
-266535,757017618 -90084,3285820933 0 -1
87124,4340395669 -46202,522300984 0 -1
-103295,588614041 -57793,2818478221 0 -1
-11707,9099617432 153344,215231797 0 -1
-48279,2645234835 -279705,265064538 0 -1
-802827,072658537 -468021,881654717 0 -1
44465,1926030522 378592,391497769 0 -1
-435283,445329892 312902,730205569 0 -1
4328,76484917512 -218521,347349491 0 -1
704435,030680347 651012,441559703 0 -1
558993,37150928 174924,83545315 0 -1
91338,9627676993 360827,439065678 0 -1
453700,526490811 -882291,651288588 0 -1
-139486,02042299 239363,667471934 0 -1
-26863,9079882763 225462,555738894 0 -1
300164,237985982 359206,303966968 0 -1
135403,2183232 98910,380387739 0 -1
80613,8152526821 -320416,902328477 0 -1
135638,924024095 -98071,8317148526 0 -1
-255345,874754054 -241856,54649834 0 -1
8071,06247861267 493354,829222599 0 -1
413662,96339065 50846,8694929541 0 -1
-562945,771715165 -378965,48900896 0 -1
451275,649562261 371988,240464734 0 -1
60442,486084182 317221,400421929 0 -1
-392275,106404463 553707,916340046 0 -1
-75995,8813324738 -423279,130909405 0 -1
-310187,039993387 -698764,974512013 0 -1
-313855,14916338 318062,381145555 0 -1
-403,101935704752 432596,261725877 0 -1
487836,286319597 609734,860795989 0 -1
-641470,042592905 723447,288889081 0 -1
131047,570070786 80361,3519257425 0 -1
278274,945985733 -510549,108232923 0 -1
-185041,130715679 -280399,381676918 0 -1
-63029,5299213629 -637377,277282226 0 -1
238334,709784686 -89482,5140064575 0 -1
-110015,328115195 -443416,308240887 0 -1
-13881,5560101371 12290,3328758401 0 -1
101413,298522878 104906,725023014 0 -1
-35443,0275170305 -58598,2372666384 0 -1
212464,089474978 -218522,352329671 0 -1
-284629,785143733 21376,5179132822 0 -1
-236665,343043484 -6796,14411974845 0 -1
13353,7121707125 555271,628683144 0 -1
-139602,239939548 414219,78703133 0 -1
150641,219724309 353891,413885288 0 -1
-209816,823712454 -816941,658441043 0 -1
225481,104617993 -127683,156739451 0 -1
-229196,726928001 -498248,168125469 0 -1
-5533,23479497537 125061,572724615 0 -1
97785,1951061046 -19570,3352373281 0 -1
81430,9378113695 430165,796473334 0 -1
-322441,558091804 -376524,519691872 0 -1
-207225,738884218 -95071,622138202 0 -1
-454334,065515815 535553,134417749 0 -1
301724,790403072 -4536,93856245696 0 -1
-153857,526419201 300929,810263391 0 -1
554226,901356382 58392,8789276345 0 -1
259095,824375166 800195,314606578 0 -1
458537,060193662 -938099,428185695 0 -1
341820,512388095 318070,370059277 0 -1
-82832,9184744311 247994,016028052 0 -1
114317,910880646 427491,063130234 0 -1
-342885,027831302 -216,121602103171 0 -1
-279947,566300956 177315,315280662 0 -1
40379,1187818847 332884,760379846 0 -1
-414298,566336633 -371331,564813556 0 -1
370554,209285665 38548,7336242296 0 -1
3766,95946733978 85985,1773520644 0 -1
471916,102318047 -42042,1189537962 0 -1
36561,1023367667 -688134,353509804 0 -1
-907368,675615657 -94128,841318536 0 -1
-122297,697194353 277977,205101823 0 -1
522456,613040211 -458599,630809991 0 -1
-27778,8761568297 67766,5081133817 0 -1
165919,622903326 9867,67680250931 0 -1
-166051,065745312 -12027,1406132021 0 -1
513834,479442306 -527323,544115424 0 -1
108833,928722848 175397,169978932 0 -1
905497,09062839 -79439,7835593502 0 -1
110825,440600224 -45208,4670455253 0 -1
288724,032993347 97128,6632515046 0 -1
431630,470497579 532293,698130219 0 -1
-865518,332136547 -324746,35591289 0 -1
359224,165204439 145319,583662872 0 -1
312312,316228897 21967,4662742133 0 -1
524632,831012315 -24424,3304756146 0 -1
-656061,595125955 382761,706707776 0 -1
274107,128933382 58769,2955969094 0 -1
-443448,462019058 -114524,442203643 0 -1
144241,473411335 -14178,9830468194 0 -1
-519813,078352789 219037,667012389 0 -1
67070,6961451786 1430,49721343373 0 -1
-225422,809606917 -97505,0750343465 0 -1
-181849,197403901 -351606,027390647 0 -1
-281085,971977041 25499,966436293 0 -1
321294,201492985 230403,263333074 0 -1
-6796,91869943632 -47618,5630577586 0 -1
68598,0965343984 309304,870850122 0 -1
-394525,280168879 -25059,7615941631 0 -1
-353205,958712465 -16618,6521787023 0 -1
793949,81671075 -122734,117936765 0 -1
-528697,492628948 159164,617093858 0 -1
-388951,722958984 53079,9316206276 0 -1
-31171,1308599148 -336643,877615166 0 -1
718899,627682331 3477,27603849362 0 -1
430756,004984263 -34262,7970263403 0 -1
-424096,023843899 -636826,247661932 0 -1
-21987,3111960382 40631,6926874289 0 -1
881393,760045952 -737876,034053618 0 -1
-145164,210585832 222423,485313266 0 -1
-23172,8289866274 -852637,621814409 0 -1
-83789,2500021142 -208057,49591953 0 -1
-345189,160438644 -83376,2896632307 0 -1
-433086,671197162 306088,297088979 0 -1
-82165,4274489495 -433963,719637187 0 -1
-132691,449597802 -109462,246731383 0 -1
-114995,639158673 2294,29427169696 0 -1
-217530,974345555 -237816,847639438 0 -1
-435697,593292328 -258665,546255031 0 -1
43036,3970358392 -592102,792675707 0 -1
-159233,676433997 37918,4279388 0 -1
82747,3448390846 -52088,0779254996 0 -1
27960,5459596657 0 -1
21 -198,441475928035 0 -1
99241,41887873 0 -1
46040106 349922,7504838 0 -1
